3  0.6476562499999999 0.4866666666666667 0.01510416666666676 0.06476190476190473
3  0.6343750000000001 0.48809523809523814 0.012499999999999924 0.06761904761904759
0  0.3651041666666667 0.5133333333333333 0.056250000000000036 0.09333333333333334
0  0.31093750000000003 0.7066666666666667 0.09791666666666668 0.13142857142857142
0  0.7822916666666667 0.8128571428571428 0.07916666666666661 0.1285714285714285
0  0.8627604166666666 0.9038095238095237 0.06822916666666666 0.11809523809523816
0  0.9679687499999999 0.9695238095238096 0.05572916666666661 0.060952380952380966
0  0.7153645833333334 0.7242857142857143 0.0703125 0.11714285714285719
0  0.6567708333333334 0.6500000000000001 0.0625 0.08857142857142859
0  0.5007812500000001 0.46761904761904766 0.061979166666666696 0.060952380952380966
0  0.5703125 0.5528571428571428 0.054166666666666634 0.06571428571428564
0  0.6044270833333333 0.6133333333333333 0.059895833333333294 0.0723809523809524
0  0.4739583333333333 0.4404761904761905 0.05000000000000001 0.05428571428571427
0  0.4481770833333334 0.41428571428571426 0.049479166666666644 0.053333333333333295
0  0.36380208333333336 0.3076190476190476 0.03802083333333333 0.043809523809523805
0  0.23880208333333336 0.22476190476190475 0.03177083333333334 0.04
0  0.4260416666666667 0.3823809523809524 0.04583333333333333 0.06190476190476194