0  0.43411458333333336 0.5314285714285714 0.05781250000000001 0.07619047619047624
0  0.7122395833333334 0.7133333333333335 0.060937500000000026 0.1257142857142857
0  0.9690104166666667 0.9509523809523809 0.061979166666666634 0.09238095238095248
0  0.5705729166666667 0.5480952380952381 0.06927083333333332 0.1114285714285714
0  0.5268229166666666 0.5095238095238095 0.049479166666666644 0.06285714285714285
0  0.47161458333333334 0.44 0.060937500000000026 0.06857142857142857
0  0.4294270833333333 0.3871428571428571 0.05156249999999999 0.06380952380952376
0  0.40572916666666664 0.3647619047619048 0.039583333333333304 0.051428571428571414
0  0.2971354166666667 0.6238095238095239 0.0848958333333333 0.10666666666666672
0  0.3005208333333333 0.7138095238095238 0.08125000000000002 0.11714285714285706
0  0.3611979166666667 0.8866666666666667 0.11302083333333332 0.18857142857142847