0  0.40520833333333334 0.6142857142857142 0.06875000000000002 0.08952380952380949
0  0.4645833333333333 0.5614285714285714 0.07291666666666664 0.08476190476190475
0  0.5416666666666667 0.508095238095238 0.053124999999999964 0.0790476190476191
0  0.66015625 0.6661904761904761 0.07968749999999998 0.12476190476190473
0  0.8729166666666668 0.9176190476190477 0.08020833333333334 0.13999999999999993
0  0.36276041666666664 0.8714285714285713 0.1098958333333333 0.20190476190476186
0  0.47343750000000007 0.43714285714285717 0.05104166666666662 0.060952380952380966
0  0.5005208333333334 0.4780952380952381 0.05000000000000001 0.06666666666666668
0  0.29817708333333337 0.6390476190476191 0.09010416666666668 0.13904761904761903
0  0.32734375 0.2661904761904762 0.04114583333333334 0.044761904761904746
3  0.08567708333333333 0.4485714285714285 0.016145833333333335 0.07428571428571429
3  0.06848958333333334 0.44571428571428573 0.016145833333333342 0.0723809523809524