0  0.4783854166666667 0.7585714285714287 0.0859375 0.12095238095238095
0  0.5630208333333334 0.659047619047619 0.0697916666666667 0.12761904761904752
0  0.38567708333333334 0.5723809523809524 0.05677083333333334 0.10476190476190471
0  0.47786458333333337 0.44428571428571434 0.05677083333333334 0.06190476190476187
0  0.45000000000000007 0.4219047619047619 0.036458333333333356 0.041904761904761924
0  0.42916666666666664 0.38476190476190475 0.052083333333333356 0.053333333333333295
0  0.3377604166666667 0.369047619047619 0.03593749999999999 0.05047619047619044
0  0.3377604166666667 0.4838095238095238 0.05156249999999999 0.07619047619047617
0  0.3015625 0.7171428571428571 0.08854166666666667 0.11809523809523816
0  0.37213541666666666 0.8880952380952382 0.14010416666666664 0.20857142857142857
0  0.7861979166666667 0.8133333333333334 0.09218750000000002 0.12190476190476193
0  0.7158854166666667 0.7385714285714285 0.06510416666666671 0.10190476190476185
0  0.6583333333333333 0.6552380952380952 0.06354166666666673 0.09523809523809527
3  0.69375 0.5833333333333333 0.012500000000000051 0.06380952380952383
3  0.07838541666666667 0.4652380952380953 0.009895833333333342 0.06190476190476187
0  0.2578125 0.32857142857142857 0.03020833333333333 0.043809523809523805
0  0.8666666666666666 0.9204761904761904 0.078125 0.1342857142857142
0  0.5729166666666667 0.5471428571428572 0.0625 0.08476190476190482
3  0.44192708333333336 0.2966666666666667 0.011979166666666683 0.040952380952380976
0  0.21979166666666666 0.27142857142857146 0.026041666666666647 0.041904761904761924
0  0.28098958333333335 0.5819047619047619 0.05572916666666667 0.09523809523809515