0  0.6075520833333333 0.7880952380952381 0.09531250000000004 0.12666666666666668
0  0.8677083333333334 0.9242857142857144 0.08020833333333334 0.15142857142857138
0  0.7135416666666667 0.7180952380952382 0.07395833333333332 0.10666666666666672
0  0.6593749999999999 0.6547619047619049 0.06041666666666666 0.08666666666666664
0  0.6075520833333333 0.6109523809523809 0.05989583333333342 0.08095238095238091
0  0.5682291666666667 0.5523809523809524 0.04999999999999995 0.07428571428571436
0  0.50546875 0.47714285714285715 0.05572916666666667 0.060952380952380966
0  0.4557291666666667 0.4228571428571429 0.05104166666666662 0.047619047619047575
0  0.42578125 0.3819047619047619 0.05260416666666666 0.060952380952380966
0  0.38906250000000003 0.3485714285714286 0.04791666666666667 0.055238095238095246
0  0.3388020833333334 0.7842857142857144 0.09843749999999998 0.13619047619047617
0  0.30312500000000003 0.7095238095238096 0.07604166666666669 0.1161904761904762
0  0.19322916666666665 0.32857142857142857 0.06354166666666668 0.0819047619047619
0  0.23541666666666666 0.22095238095238096 0.028124999999999987 0.051428571428571414