0  0.3817708333333334 0.5700000000000001 0.06770833333333336 0.1114285714285714
0  0.41562499999999997 0.48095238095238096 0.057291666666666644 0.07809523809523812
0  0.3708333333333333 0.8871428571428571 0.13854166666666673 0.2009523809523809
0  0.30546875 0.7138095238095238 0.06718750000000002 0.10190476190476197
0  0.2932291666666667 0.631904761904762 0.07499999999999996 0.0790476190476191
0  0.7828125 0.8119047619047619 0.08958333333333332 0.119047619047619
0  0.8705729166666666 0.9180952380952381 0.06822916666666666 0.13142857142857142
0  0.6567708333333334 0.6599999999999999 0.055208333333333366 0.10476190476190476
0  0.6013020833333333 0.6057142857142858 0.07447916666666662 0.10285714285714283
0  0.5721354166666667 0.5476190476190476 0.0567708333333334 0.08
0  0.5046875000000001 0.47761904761904767 0.05000000000000001 0.0580952380952381
0  0.47317708333333336 0.44 0.046354166666666696 0.049523809523809526
0  0.42630208333333336 0.38380952380952377 0.05364583333333333 0.06666666666666668
0  0.3893229166666667 0.34714285714285714 0.048437500000000036 0.05999999999999999
0  0.23776041666666667 0.2214285714285714 0.02447916666666667 0.042857142857142864
3  0.09401041666666668 0.4933333333333333 0.01927083333333333 0.043809523809523805
3  0.11458333333333333 0.5747619047619048 0.01979166666666667 0.08476190476190482
3  0.09765625 0.5485714285714286 0.011979166666666667 0.07428571428571422
3  0.2299479166666667 0.3371428571428572 0.014062499999999993 0.05333333333333336