3  0.08906250000000002 0.779047619047619 0.02499999999999999 0.0971428571428571
3  0.09296875000000002 0.6047619047619047 0.021354166666666674 0.09142857142857144
3  0.08229166666666667 0.3647619047619048 0.014583333333333328 0.05714285714285713
3  0.11562499999999999 0.37047619047619046 0.013541666666666674 0.049523809523809526
3  0.09739583333333333 0.3633333333333333 0.015625 0.06190476190476187
3  0.5596354166666667 0.918095238095238 0.02864583333333329 0.1161904761904762
3  0.5825520833333334 0.8976190476190476 0.021354166666666657 0.11904761904761914
0  0.60546875 0.6071428571428571 0.06822916666666672 0.08095238095238091
0  0.6598958333333333 0.6552380952380952 0.06145833333333339 0.09142857142857139
0  0.7145833333333333 0.7176190476190476 0.06979166666666663 0.09809523809523808
0  0.8677083333333334 0.9238095238095239 0.08229166666666668 0.15238095238095234
0  0.3377604166666667 0.7838095238095237 0.09947916666666666 0.1504761904761905
0  0.50625 0.4757142857142857 0.056249999999999974 0.0580952380952381
0  0.5705729166666667 0.5542857142857143 0.06614583333333332 0.08571428571428566
0  0.45416666666666666 0.42142857142857143 0.052083333333333294 0.04857142857142861
0  0.42578125 0.38761904761904764 0.05677083333333334 0.06476190476190473
0  0.3903645833333333 0.3466666666666667 0.04218750000000001 0.059047619047619015
0  0.19270833333333334 0.3238095238095238 0.06458333333333331 0.08000000000000004
0  0.28125 0.6357142857142858 0.08020833333333334 0.10190476190476185