3  0.13671875 0.9438095238095238 0.02760416666666667 0.10857142857142854
3  0.19661458333333334 0.8985714285714286 0.02239583333333336 0.10571428571428575
3  0.07421875 0.29095238095238096 0.013020833333333324 0.040952380952380976
3  0.50703125 0.38571428571428573 0.009895833333333342 0.04761904761904764
3  0.5158854166666667 0.38761904761904764 0.0078125 0.043809523809523805
0  0.97109375 0.9609523809523809 0.05781249999999995 0.06857142857142863
0  0.8552083333333333 0.910952380952381 0.07708333333333339 0.1380952380952381
0  0.7752604166666667 0.8080952380952381 0.09010416666666668 0.10952380952380951
0  0.7044270833333334 0.7323809523809525 0.07239583333333334 0.10666666666666672
0  0.6591145833333333 0.6538095238095237 0.06510416666666671 0.10190476190476197
0  0.56796875 0.560952380952381 0.05572916666666667 0.06857142857142863
0  0.5320312500000001 0.5261904761904762 0.05677083333333328 0.06761904761904759
0  0.5427083333333333 0.7095238095238096 0.07395833333333332 0.08952380952380956
0  0.49140625 0.6085714285714285 0.06718750000000005 0.08952380952380949
0  0.39375 0.47095238095238096 0.052083333333333294 0.07142857142857142
0  0.34140624999999997 0.49523809523809526 0.05260416666666672 0.08952380952380949
0  0.28203125 0.3923809523809524 0.03489583333333331 0.053333333333333295
0  0.24817708333333335 0.3166666666666667 0.032812499999999974 0.05238095238095238
0  0.21927083333333336 0.2652380952380952 0.022916666666666665 0.04095238095238095
0  0.31171875 0.2523809523809524 0.031770833333333366 0.022857142857142847
0  0.3528645833333333 0.29190476190476194 0.03593749999999999 0.03904761904761906
0  0.3619791666666667 0.3871428571428571 0.03020833333333333 0.0504761904761905
0  0.3966145833333333 0.3461904761904762 0.04218749999999995 0.05238095238095232
0  0.5005208333333334 0.47095238095238096 0.054166666666666696 0.06952380952380954
0  0.4518229166666667 0.4138095238095238 0.05781250000000001 0.05999999999999999
0  0.3315104166666667 0.7890476190476191 0.09947916666666669 0.14571428571428566
0  0.30520833333333336 0.7038095238095238 0.08958333333333335 0.13523809523809532
0  0.19036458333333334 0.14999999999999997 0.017187500000000005 0.025714285714285707