3  0.18906249999999997 0.9352380952380953 0.023958333333333335 0.12190476190476193
3  0.22109375000000003 0.9395238095238094 0.027604166666666652 0.12095238095238095
3  0.12526041666666668 0.7076190476190476 0.01927083333333333 0.0971428571428571
3  0.09921875000000001 0.7171428571428571 0.0234375 0.10857142857142867
3  0.8302083333333333 0.6733333333333332 0.01874999999999995 0.09904761904761905
3  0.08151041666666667 0.3628571428571429 0.016145833333333335 0.049523809523809526
0  0.37005208333333334 0.8861904761904762 0.10572916666666668 0.14380952380952383
0  0.32187499999999997 0.7857142857142857 0.0864583333333333 0.15238095238095234
0  0.30130208333333336 0.6871428571428572 0.08906250000000002 0.1228571428571429
0  0.7346354166666667 0.8995238095238095 0.11406250000000005 0.16095238095238099
0  0.8677083333333334 0.9076190476190477 0.08229166666666668 0.1390476190476191
0  0.7200520833333334 0.7271428571428571 0.07239583333333334 0.10952380952380951
0  0.6578125000000001 0.6604761904761904 0.06041666666666666 0.10571428571428575
0  0.5716145833333333 0.5623809523809523 0.05156249999999999 0.08095238095238091
0  0.5325520833333334 0.5195238095238095 0.046354166666666634 0.06571428571428571
0  0.5005208333333334 0.4776190476190476 0.055208333333333304 0.07333333333333338
0  0.47343750000000007 0.439047619047619 0.055208333333333304 0.06476190476190473
0  0.39296875000000003 0.37952380952380954 0.04010416666666667 0.04476190476190478
0  0.2638020833333333 0.33999999999999997 0.03802083333333333 0.06476190476190473
0  0.23880208333333333 0.22190476190476188 0.02447916666666667 0.04571428571428572
0  0.2986979166666667 0.6047619047619047 0.08802083333333331 0.0971428571428571
0  0.33671875000000007 0.2785714285714286 0.046354166666666696 0.04095238095238095