3  0.11796875 0.7428571428571428 0.021354166666666657 0.10285714285714283
3  0.1484375 0.7219047619047618 0.018749999999999996 0.09142857142857139
3  0.15078125 0.8433333333333334 0.023437499999999983 0.11523809523809524
3  0.11015625 0.3871428571428571 0.010937500000000013 0.03904761904761906
0  0.37057291666666664 0.8938095238095237 0.11822916666666668 0.1857142857142857
0  0.7843749999999999 0.819047619047619 0.06770833333333329 0.11619047619047608
0  0.8666666666666666 0.9266666666666666 0.08229166666666655 0.1390476190476191
0  0.9651041666666667 0.9595238095238096 0.06979166666666663 0.07333333333333338
0  0.7195312500000001 0.7233333333333333 0.06822916666666666 0.10952380952380951
0  0.6572916666666667 0.66 0.06666666666666668 0.09142857142857151
0  0.6088541666666666 0.6085714285714285 0.06354166666666661 0.08380952380952385
0  0.5643229166666667 0.5704761904761905 0.05781249999999995 0.07428571428571422
0  0.4651041666666667 0.5666666666666667 0.06041666666666666 0.08190476190476183
0  0.5398437500000001 0.5038095238095238 0.05260416666666672 0.06666666666666662
0  0.3263020833333333 0.2647619047619048 0.04322916666666669 0.04190476190476189
0  0.2421875 0.22333333333333336 0.021874999999999995 0.025714285714285707
0  0.47343750000000007 0.43761904761904763 0.053124999999999964 0.0580952380952381