0  0.36640625 0.43142857142857144 0.045312500000000026 0.06476190476190473
0  0.5026041666666667 0.47904761904761906 0.05000000000000001 0.05714285714285713
0  0.5377604166666667 0.5085714285714286 0.05572916666666667 0.0723809523809524
0  0.5684895833333333 0.5566666666666666 0.05885416666666669 0.08095238095238091
0  0.6091145833333333 0.6052380952380952 0.061979166666666634 0.07523809523809526
0  0.6578125000000001 0.6719047619047619 0.06354166666666661 0.09619047619047626
0  0.7184895833333333 0.7423809523809525 0.07239583333333334 0.10761904761904757
0  0.7848958333333333 0.8085714285714286 0.07395833333333332 0.13142857142857142
0  0.8708333333333333 0.9152380952380952 0.078125 0.14666666666666664
0  0.35859375 0.8776190476190476 0.10677083333333329 0.16857142857142854
0  0.3322916666666667 0.7861904761904762 0.09895833333333333 0.12476190476190485
0  0.3049479166666667 0.71 0.08802083333333334 0.11333333333333329
0  0.29036458333333337 0.6328571428571428 0.07447916666666668 0.08095238095238091
0  0.27734375 0.28904761904761905 0.03177083333333334 0.04476190476190478
0  0.2455729166666667 0.23714285714285713 0.03177083333333334 0.049523809523809526
0  0.45156250000000003 0.4142857142857143 0.052083333333333356 0.05714285714285713
0  0.4083333333333333 0.37 0.046875 0.04857142857142855
0  0.3924479166666667 0.3371428571428572 0.045312499999999964 0.03999999999999997
3  0.11901041666666666 0.559047619047619 0.020312500000000004 0.08
3  0.07369791666666667 0.380952380952381 0.017187499999999998 0.06285714285714285