0  0.48541666666666666 0.7171428571428571 0.08854166666666671 0.1390476190476191
0  0.3713541666666667 0.8866666666666667 0.14375000000000002 0.21523809523809526
0  0.3 0.72 0.07604166666666666 0.11619047619047608
0  0.2947916666666667 0.6366666666666667 0.0697916666666667 0.06952380952380961
0  0.7846354166666666 0.810952380952381 0.08385416666666666 0.12857142857142861
0  0.8700520833333333 0.9152380952380952 0.07135416666666661 0.14285714285714285
0  0.6549479166666666 0.6561904761904762 0.05677083333333334 0.08571428571428578
0  0.7161458333333334 0.74 0.06458333333333334 0.09904761904761905
0  0.6041666666666667 0.6033333333333333 0.078125 0.10761904761904757
0  0.56875 0.5495238095238095 0.05104166666666669 0.06285714285714285
0  0.50625 0.4747619047619048 0.05000000000000001 0.06761904761904766
0  0.47343750000000007 0.439047619047619 0.04791666666666667 0.059047619047619015
0  0.4252604166666667 0.38571428571428573 0.05260416666666666 0.07047619047619051
0  0.3893229166666667 0.34523809523809523 0.047395833333333304 0.05428571428571427
3  0.08385416666666666 0.5514285714285715 0.02187500000000001 0.06666666666666675
3  0.08984375 0.4780952380952381 0.017187500000000005 0.06666666666666668
3  0.09531250000000001 0.3657142857142857 0.012500000000000002 0.043809523809523805