0  0.4877604166666667 0.6185714285714285 0.06822916666666666 0.0942857142857143
0  0.5721354166666667 0.5495238095238095 0.07239583333333341 0.11238095238095244
0  0.71484375 0.7119047619047619 0.06302083333333337 0.13619047619047617
0  0.9661458333333334 0.9566666666666668 0.0625 0.08666666666666664
0  0.5281250000000001 0.5076190476190476 0.056250000000000036 0.06476190476190473
0  0.47109375000000003 0.44380952380952376 0.06406249999999998 0.07809523809523806
0  0.43046875000000007 0.3871428571428571 0.05781250000000001 0.05999999999999999
0  0.4059895833333333 0.3590476190476191 0.048437500000000036 0.03999999999999997
0  0.3065104166666667 0.709047619047619 0.07864583333333333 0.11523809523809524
0  0.3614583333333333 0.8866666666666667 0.11562500000000002 0.19999999999999993
0  0.29453124999999997 0.630952380952381 0.0942708333333333 0.10571428571428575