3  0.121875 0.7928571428571428 0.029166666666666657 0.10571428571428575
3  0.09921875000000001 0.3590476190476191 0.011979166666666667 0.06285714285714285
3  0.48932291666666666 0.35714285714285715 0.009895833333333342 0.051428571428571476
0  0.5661458333333333 0.5523809523809524 0.08020833333333334 0.09523809523809527
0  0.5328125 0.5033333333333333 0.05937499999999999 0.07714285714285715
0  0.5052083333333333 0.4757142857142857 0.04583333333333333 0.05238095238095238
0  0.4757812500000001 0.44333333333333336 0.05572916666666667 0.06190476190476187
0  0.43203125000000003 0.39142857142857146 0.04218750000000001 0.04761904761904764
0  0.41145833333333337 0.36428571428571427 0.040624999999999974 0.03714285714285718
0  0.39010416666666664 0.3376190476190476 0.05000000000000001 0.05238095238095238
0  0.34921874999999997 0.29523809523809524 0.047395833333333304 0.04952380952380956
0  0.3302083333333333 0.2580952380952381 0.038541666666666634 0.030476190476190483
0  0.23984375 0.2871428571428572 0.03593749999999999 0.054285714285714305
0  0.2984375 0.38285714285714284 0.03854166666666666 0.05904761904761908
0  0.35598958333333336 0.4785714285714286 0.061979166666666696 0.08285714285714287
0  0.3625 0.900952380952381 0.11874999999999998 0.1638095238095238
0  0.33697916666666666 0.7852380952380952 0.09583333333333334 0.14952380952380942
0  0.29010416666666666 0.6380952380952382 0.09062500000000002 0.12952380952380946
3  0.11328125 0.35809523809523813 0.011979166666666667 0.06666666666666668