0  0.55234375 0.7171428571428571 0.0942708333333333 0.1257142857142857
0  0.5385416666666667 0.5119047619047619 0.054166666666666634 0.07523809523809526
0  0.6617187500000001 0.6604761904761904 0.07968749999999998 0.12857142857142861
0  0.8692708333333333 0.9042857142857142 0.08124999999999995 0.14000000000000007
0  0.5026041666666667 0.47285714285714286 0.05104166666666662 0.07142857142857142
0  0.47265625 0.4371428571428571 0.05364583333333333 0.06857142857142857
0  0.29921875000000003 0.6323809523809524 0.08906249999999998 0.1466666666666667
0  0.36562500000000003 0.8785714285714287 0.10833333333333332 0.21238095238095248
0  0.265625 0.2576190476190476 0.028124999999999987 0.03333333333333331
2  0.23932291666666666 0.21285714285714286 0.04010416666666667 0.07523809523809526
0  0.32760416666666664 0.2661904761904762 0.036458333333333356 0.044761904761904746
3  0.06640625 0.30142857142857143 0.014062499999999993 0.056190476190476187