0  0.6554687499999999 0.6523809523809524 0.07656250000000002 0.11238095238095244
0  0.7799479166666667 0.8080952380952381 0.08906249999999995 0.15523809523809526
0  0.8697916666666667 0.9014285714285715 0.08645833333333337 0.1285714285714285
0  0.3669270833333333 0.8823809523809523 0.1244791666666667 0.20857142857142857
0  0.3473958333333333 0.7604761904761904 0.1166666666666667 0.15904761904761905
0  0.28776041666666663 0.6461904761904762 0.09218749999999999 0.11714285714285719
0  0.34375 0.5195238095238095 0.056249999999999974 0.08666666666666664
0  0.38515625000000003 0.4485714285714285 0.047395833333333366 0.05904761904761908
0  0.3078125 0.32428571428571423 0.04375000000000005 0.05238095238095238
0  0.23359375000000002 0.21476190476190476 0.03177083333333334 0.056190476190476187
0  0.5 0.47000000000000003 0.054166666666666696 0.07714285714285715