0  0.3869791666666667 0.5647619047619047 0.05833333333333331 0.11238095238095237
0  0.6216145833333334 0.6080952380952381 0.04427083333333342 0.09238095238095242
0  0.5658854166666667 0.5538095238095239 0.07968749999999998 0.10380952380952387
0  0.53671875 0.5052380952380953 0.0630208333333333 0.07333333333333338
0  0.5036458333333333 0.48000000000000004 0.053124999999999964 0.05333333333333336
0  0.4744791666666667 0.45190476190476186 0.054166666666666696 0.05428571428571433
0  0.42916666666666664 0.39190476190476187 0.04374999999999999 0.04666666666666667
0  0.4091145833333334 0.36952380952380953 0.03802083333333333 0.04380952380952387
0  0.35234375000000007 0.3457142857142857 0.049479166666666644 0.06285714285714285
0  0.3494791666666667 0.29190476190476194 0.04479166666666666 0.03904761904761906
0  0.2682291666666667 0.2733333333333334 0.03020833333333333 0.03809523809523812
0  0.3630208333333333 0.9004761904761904 0.1166666666666667 0.15523809523809526
0  0.33984375 0.7852380952380952 0.0859375 0.14380952380952383
0  0.28984375 0.6414285714285715 0.08593749999999997 0.12095238095238095
0  0.26536458333333335 0.4819047619047619 0.048437500000000036 0.07428571428571429
0  0.22187500000000002 0.2671428571428572 0.028124999999999987 0.048571428571428585
0  0.23750000000000002 0.21857142857142856 0.025000000000000005 0.031428571428571424
0  0.22526041666666666 0.17190476190476187 0.03281250000000001 0.025714285714285707