0  0.41901041666666666 0.8038095238095239 0.07864583333333337 0.14666666666666664
0  0.4216145833333333 0.6080952380952381 0.06510416666666664 0.09809523809523801
0  0.3575520833333333 0.4942857142857143 0.05572916666666667 0.08761904761904761
0  0.7143229166666666 0.7252380952380951 0.07968749999999998 0.13619047619047628
0  0.6520833333333333 0.6595238095238096 0.06354166666666661 0.09238095238095248
0  0.6104166666666667 0.5980952380952381 0.06041666666666666 0.0971428571428571
0  0.5716145833333334 0.5528571428571428 0.06406249999999998 0.08095238095238098
0  0.53125 0.5190476190476191 0.05833333333333331 0.08
0  0.5015625 0.47619047619047616 0.05937499999999999 0.06285714285714285
0  0.45000000000000007 0.41714285714285715 0.056250000000000036 0.0723809523809524
0  0.2619791666666667 0.3295238095238095 0.03749999999999999 0.06285714285714292
0  0.30078125 0.7147619047619048 0.07864583333333333 0.119047619047619