3  0.08958333333333333 0.7404761904761905 0.023958333333333335 0.11142857142857146
3  0.07916666666666668 0.31238095238095237 0.015625 0.06285714285714288
0  0.7156250000000001 0.7214285714285714 0.078125 0.13619047619047617
0  0.8822916666666666 0.9347619047619047 0.07604166666666666 0.13047619047619044
0  0.6528645833333334 0.6542857142857142 0.061979166666666634 0.08952380952380956
0  0.6078125 0.6028571428571429 0.0531249999999999 0.0971428571428571
0  0.5703125 0.5495238095238095 0.05833333333333331 0.08571428571428566
0  0.5325520833333334 0.5128571428571428 0.05885416666666669 0.07333333333333332
0  0.5044270833333334 0.4795238095238095 0.05364583333333333 0.07714285714285715
0  0.4473958333333333 0.41523809523809524 0.05937500000000005 0.07047619047619046
0  0.36041666666666666 0.8933333333333333 0.10104166666666663 0.17523809523809522
0  0.2997395833333334 0.7166666666666667 0.07552083333333336 0.13047619047619058