0  0.5747395833333334 0.8580952380952381 0.11927083333333328 0.2076190476190476
0  0.8697916666666666 0.92 0.08020833333333334 0.14285714285714285
0  0.7848958333333333 0.8080952380952381 0.08229166666666668 0.1228571428571429
0  0.71484375 0.7561904761904762 0.06718750000000005 0.09904761904761905
0  0.65625 0.6761904761904762 0.05937500000000005 0.0971428571428571
0  0.23906249999999998 0.3009523809523809 0.03541666666666665 0.08571428571428573
0  0.22682291666666668 0.20714285714285716 0.0234375 0.037142857142857144
0  0.40625 0.3714285714285714 0.046875 0.04761904761904764
0  0.45234375 0.41428571428571426 0.05885416666666669 0.053333333333333295
0  0.5015625 0.47285714285714286 0.04374999999999999 0.05619047619047622
0  0.5703125 0.5542857142857143 0.0625 0.07809523809523812
0  0.6101562500000001 0.600952380952381 0.05677083333333334 0.07047619047619046
0  0.53515625 0.5057142857142857 0.05781250000000001 0.07809523809523812
0  0.30703125000000003 0.7080952380952381 0.08489583333333332 0.11333333333333341
0  0.29635416666666664 0.6271428571428572 0.07291666666666664 0.07714285714285715
0  0.33255208333333336 0.779047619047619 0.10572916666666672 0.11238095238095244
0  0.3671875 0.8657142857142858 0.10416666666666671 0.1638095238095239
3  0.11796875 0.5085714285714286 0.015104166666666665 0.0819047619047619
3  0.13072916666666667 0.7338095238095238 0.021874999999999995 0.11714285714285719
3  0.17057291666666666 0.722857142857143 0.018229166666666678 0.11238095238095232
3  0.11588541666666667 0.7585714285714286 0.01510416666666668 0.08285714285714287
3  0.09505208333333333 0.7366666666666666 0.02760416666666667 0.09809523809523808
3  0.07291666666666666 0.37047619047619046 0.016666666666666663 0.047619047619047575
3  0.06796875 0.31190476190476196 0.010937499999999998 0.05238095238095238
3  0.08072916666666667 0.3080952380952381 0.012500000000000002 0.054285714285714305
3  0.2643229166666667 0.2847619047619047 0.013020833333333355 0.05142857142857144