0  0.4677083333333334 0.72 0.08125000000000002 0.15238095238095234
0  0.6299479166666667 0.8247619047619048 0.10052083333333339 0.11428571428571425
0  0.71640625 0.7485714285714286 0.06614583333333332 0.10285714285714283
0  0.7843749999999999 0.8023809523809523 0.07916666666666661 0.11523809523809524
0  0.8716145833333334 0.92 0.07447916666666668 0.14285714285714285
0  0.35052083333333334 0.4033333333333333 0.04479166666666666 0.05428571428571427
0  0.44973958333333336 0.4114285714285714 0.05260416666666666 0.060952380952380966
0  0.5013020833333334 0.4761904761904762 0.047395833333333366 0.055238095238095246
0  0.5388020833333333 0.5047619047619047 0.0546875 0.07428571428571429
0  0.56875 0.5566666666666666 0.05833333333333331 0.07714285714285721
0  0.6106770833333334 0.6033333333333334 0.05364583333333339 0.07904761904761903
0  0.6559895833333333 0.6714285714285714 0.05885416666666669 0.09523809523809527
0  0.36015625000000007 0.8742857142857143 0.10260416666666668 0.17523809523809522
0  0.3322916666666667 0.7952380952380952 0.10625000000000002 0.12761904761904766
0  0.30625 0.7061904761904761 0.07395833333333335 0.12285714285714278
0  0.2924479166666667 0.6342857142857142 0.07343749999999998 0.08571428571428578
3  0.09999999999999999 0.6433333333333333 0.02499999999999999 0.0942857142857143
3  0.11848958333333334 0.6347619047619047 0.018229166666666678 0.09809523809523821
3  0.08958333333333335 0.3547619047619048 0.013541666666666674 0.06190476190476194
3  0.06901041666666666 0.3538095238095238 0.008854166666666663 0.0504761904761905
0  0.2963541666666667 0.3195238095238095 0.03854166666666666 0.06761904761904759