0  0.8627604166666666 0.8961904761904762 0.07447916666666655 0.1257142857142857
0  0.9700520833333334 0.9676190476190476 0.059895833333333294 0.060952380952380966
0  0.7854166666666667 0.810952380952381 0.08229166666666668 0.11333333333333329
0  0.7140624999999999 0.7304761904761905 0.07604166666666666 0.1142857142857144
0  0.6570312500000001 0.6538095238095237 0.060937500000000026 0.09428571428571418
0  0.6041666666666666 0.6104761904761905 0.06041666666666666 0.06857142857142863
0  0.5677083333333334 0.5538095238095238 0.06041666666666666 0.08666666666666664
0  0.503125 0.4757142857142857 0.05833333333333331 0.06952380952380954
0  0.4716145833333334 0.4428571428571429 0.05156249999999999 0.055238095238095246
0  0.4489583333333333 0.41000000000000003 0.05000000000000001 0.05428571428571427
0  0.42864583333333334 0.38476190476190475 0.04895833333333334 0.053333333333333295
0  0.36276041666666664 0.30666666666666664 0.046354166666666696 0.04380952380952378
0  0.2299479166666667 0.2590476190476191 0.030729166666666665 0.05142857142857144
0  0.3127604166666667 0.7052380952380952 0.09427083333333337 0.12285714285714278
3  0.9460937500000001 0.7695238095238095 0.024479166666666736 0.08952380952380956
3  0.9846354166666667 0.8528571428571429 0.019270833333333317 0.11333333333333329
3  0.07005208333333333 0.7276190476190477 0.02239583333333333 0.10095238095238088
3  0.06979166666666667 0.26761904761904765 0.017708333333333333 0.04761904761904761
0  0.19062500000000002 0.15238095238095237 0.021874999999999995 0.0361904761904762