0  0.3802083333333333 0.5628571428571428 0.06145833333333333 0.09523809523809527
0  0.4606770833333333 0.5576190476190476 0.06510416666666664 0.09238095238095236
0  0.6239583333333334 0.6028571428571429 0.05104166666666669 0.08190476190476195
0  0.5671875 0.5504761904761905 0.07187499999999998 0.09904761904761905
0  0.5302083333333333 0.5033333333333333 0.05833333333333331 0.06952380952380954
0  0.5026041666666667 0.48 0.04270833333333338 0.060952380952380966
0  0.4729166666666667 0.45285714285714285 0.057291666666666706 0.0580952380952381
0  0.43255208333333334 0.3909523809523809 0.04322916666666669 0.05238095238095238
0  0.41171874999999997 0.36666666666666664 0.047395833333333304 0.04571428571428569
0  0.3203125 0.31380952380952376 0.04479166666666666 0.05238095238095238
0  0.26927083333333335 0.27285714285714285 0.03229166666666667 0.037142857142857144
0  0.2559895833333333 0.24 0.029687500000000026 0.0361904761904762
0  0.23854166666666668 0.22 0.022916666666666665 0.03428571428571429
0  0.3341145833333333 0.7876190476190477 0.09010416666666668 0.14857142857142858
0  0.36093749999999997 0.8961904761904762 0.12187499999999998 0.1676190476190477
0  0.2921875 0.6414285714285715 0.08541666666666667 0.1228571428571429
3  0.12031250000000002 0.5019047619047619 0.013541666666666674 0.07047619047619046
3  0.13072916666666667 0.5085714285714286 0.008333333333333335 0.0819047619047619