0  0.6315104166666666 0.8161904761904761 0.10781250000000002 0.15238095238095248
0  0.7171875 0.7295238095238096 0.07708333333333327 0.13714285714285715
0  0.7825520833333334 0.8214285714285714 0.07239583333333334 0.10571428571428575
0  0.8536458333333333 0.9128571428571429 0.078125 0.1285714285714285
0  0.9653645833333334 0.9542857142857143 0.06927083333333327 0.07809523809523812
0  0.65234375 0.6561904761904762 0.06822916666666666 0.08952380952380944
0  0.6145833333333334 0.6109523809523809 0.07395833333333345 0.09428571428571424
0  0.5653645833333333 0.5552380952380952 0.07239583333333334 0.0971428571428571
0  0.5309895833333333 0.5223809523809523 0.05052083333333338 0.06380952380952383
0  0.5015625 0.47857142857142854 0.057291666666666644 0.06761904761904759
0  0.47786458333333337 0.4404761904761905 0.048437499999999974 0.05428571428571427
0  0.3020833333333333 0.2785714285714285 0.03020833333333333 0.03904761904761903
0  0.2609375 0.2580952380952381 0.026041666666666678 0.030476190476190483
0  0.22968750000000002 0.21857142857142858 0.019791666666666683 0.027619047619047623
0  0.3497395833333333 0.8685714285714285 0.11302083333333332 0.1847619047619047
0  0.3203125 0.7838095238095237 0.09895833333333336 0.14285714285714285
0  0.3106770833333333 0.7004761904761905 0.10572916666666668 0.1438095238095237
0  0.44921875 0.4176190476190476 0.044270833333333356 0.04857142857142855
0  0.3924479166666667 0.3428571428571429 0.046354166666666696 0.04571428571428569
0  0.3614583333333333 0.30238095238095236 0.04895833333333334 0.037142857142857144
3  0.08697916666666668 0.5895238095238096 0.01666666666666667 0.07619047619047624
3  0.11588541666666667 0.5795238095238096 0.01510416666666668 0.07142857142857142
3  0.07187500000000001 0.5828571428571429 0.013541666666666665 0.08190476190476183
3  0.10234375 0.5857142857142856 0.011979166666666652 0.08
3  0.7317708333333334 0.5771428571428572 0.015625 0.06476190476190473