3  0.11614583333333332 0.7866666666666667 0.02187500000000001 0.100952380952381
3  0.11276041666666667 0.5957142857142858 0.016145833333333335 0.08095238095238091
3  0.08802083333333334 0.3466666666666667 0.013541666666666674 0.059047619047619015
0  0.49140625 0.7528571428571428 0.10468749999999995 0.19714285714285712
0  0.3700520833333334 0.8971428571428571 0.1244791666666667 0.16571428571428573
0  0.32526041666666666 0.7880952380952381 0.08489583333333336 0.1476190476190476
0  0.3088541666666667 0.6852380952380953 0.08437500000000002 0.12857142857142861
0  0.29296875 0.6161904761904762 0.10052083333333336 0.09142857142857151
0  0.28229166666666666 0.37476190476190474 0.04270833333333331 0.07333333333333332
0  0.22838541666666665 0.2723809523809524 0.030729166666666665 0.04761904761904761
0  0.23723958333333334 0.2204761904761905 0.027604166666666652 0.03904761904761903
0  0.4361979166666667 0.4819047619047619 0.05052083333333338 0.08
0  0.5018229166666667 0.47428571428571425 0.05677083333333334 0.06666666666666668
0  0.5359375000000001 0.5138095238095238 0.04374999999999999 0.06952380952380947
0  0.5713541666666667 0.5647619047619048 0.05833333333333338 0.08380952380952385
0  0.6575520833333334 0.66 0.06614583333333345 0.100952380952381
0  0.7190104166666667 0.730952380952381 0.07447916666666668 0.10952380952380951
0  0.7880208333333333 0.8104761904761906 0.07708333333333339 0.12761904761904766
0  0.8651041666666667 0.9071428571428571 0.078125 0.13999999999999993
0  0.39453125 0.35047619047619044 0.04114583333333334 0.038095238095238085
0  0.4177083333333333 0.3923809523809524 0.036458333333333356 0.045714285714285756
0  0.4526041666666667 0.4104761904761905 0.046875 0.049523809523809526
0  0.33932291666666664 0.2742857142857143 0.044270833333333356 0.043809523809523805