0  0.5614583333333333 0.7166666666666667 0.09166666666666666 0.12285714285714278
0  0.6609375000000001 0.660952380952381 0.08229166666666668 0.11809523809523816
0  0.8734375 0.8995238095238095 0.07500000000000005 0.14000000000000007
0  0.36484374999999997 0.8714285714285713 0.11822916666666668 0.1980952380952381
0  0.54140625 0.5090476190476191 0.059895833333333294 0.07333333333333332
0  0.4986979166666667 0.47428571428571425 0.05781250000000001 0.06666666666666668
0  0.47500000000000003 0.4414285714285714 0.056249999999999974 0.06571428571428571
0  0.32734375 0.2671428571428571 0.04114583333333334 0.04095238095238095
0  0.23723958333333334 0.22238095238095237 0.03177083333333334 0.03523809523809523
0  0.22057291666666665 0.19238095238095237 0.02239583333333336 0.0285714285714286
0  0.2950520833333333 0.6347619047619047 0.09947916666666666 0.13619047619047617
3  0.07604166666666667 0.5938095238095238 0.01666666666666667 0.10571428571428568