3  0.15364583333333334 0.8766666666666667 0.023958333333333335 0.1342857142857142
3  0.11223958333333332 0.7304761904761905 0.021354166666666674 0.10285714285714295
3  0.09348958333333335 0.7333333333333333 0.020312500000000004 0.10857142857142867
3  0.7447916666666666 0.6023809523809524 0.021875000000000026 0.08857142857142852
3  0.8265625 0.6647619047619048 0.015625 0.07238095238095228
3  0.08411458333333334 0.35428571428571426 0.013020833333333339 0.0571428571428572
3  0.09609374999999999 0.3547619047619048 0.014062500000000009 0.06571428571428571
0  0.4294270833333333 0.6523809523809524 0.07135416666666668 0.14857142857142858
0  0.4544270833333333 0.5599999999999999 0.06927083333333332 0.09523809523809522
0  0.35000000000000003 0.5066666666666667 0.052083333333333356 0.09523809523809522
0  0.3494791666666667 0.8709523809523809 0.11979166666666664 0.17428571428571438
0  0.3317708333333333 0.7642857142857142 0.078125 0.11523809523809524
0  0.30416666666666664 0.7009523809523809 0.0864583333333333 0.09904761904761905
0  0.27994791666666663 0.6409523809523809 0.07031249999999997 0.08761904761904761
0  0.7838541666666666 0.821904761904762 0.07187499999999998 0.10285714285714283
0  0.8557291666666667 0.9095238095238096 0.07604166666666666 0.12761904761904766
0  0.7140624999999999 0.7261904761904762 0.08020833333333334 0.12666666666666668
0  0.6526041666666667 0.6542857142857142 0.0625 0.08952380952380956
0  0.6117187499999999 0.6052380952380952 0.06822916666666666 0.09047619047619053
0  0.565625 0.5528571428571428 0.06875000000000002 0.10190476190476191
0  0.5286458333333334 0.5228571428571429 0.04270833333333331 0.051428571428571414
0  0.5005208333333334 0.4785714285714286 0.055208333333333304 0.06571428571428571
0  0.4703125 0.44380952380952376 0.06666666666666668 0.08380952380952378
0  0.4236979166666667 0.3814285714285714 0.07656249999999996 0.06190476190476194
0  0.28125 0.2814285714285714 0.036458333333333294 0.0580952380952381
0  0.24088541666666669 0.1904761904761905 0.044270833333333356 0.04
0  0.27630208333333334 0.36238095238095236 0.03489583333333331 0.05428571428571427
0  0.9640624999999999 0.9571428571428571 0.07187499999999998 0.08380952380952385