0  0.43098958333333337 0.5247619047619048 0.059895833333333294 0.07809523809523812
0  0.65859375 0.6576190476190477 0.08281250000000005 0.12476190476190473
0  0.7333333333333333 0.9609523809523809 0.11458333333333329 0.07809523809523812
0  0.8713541666666667 0.9023809523809524 0.078125 0.16095238095238099
0  0.540625 0.5109523809523809 0.05000000000000001 0.07714285714285715
0  0.49947916666666664 0.4776190476190476 0.05937499999999999 0.07333333333333338
0  0.4765625 0.44333333333333336 0.046875 0.06380952380952383
0  0.2765625 0.2847619047619047 0.037500000000000026 0.04571428571428572
0  0.32760416666666664 0.26952380952380955 0.04374999999999999 0.05333333333333333
0  0.36432291666666666 0.8685714285714285 0.11302083333333332 0.201904761904762
0  0.2950520833333333 0.6366666666666667 0.09635416666666667 0.13999999999999993
3  0.07630208333333334 0.5919047619047619 0.01822916666666666 0.1114285714285714