3  0.121875 0.738095238095238 0.026041666666666678 0.10285714285714283
3  0.07473958333333333 0.4128571428571428 0.016145833333333335 0.06761904761904759
3  0.07395833333333333 0.35047619047619044 0.013541666666666658 0.049523809523809526
3  0.5002604166666667 0.39999999999999997 0.014062500000000025 0.060952380952380966
0  0.37630208333333337 0.8814285714285715 0.13072916666666665 0.20476190476190478
0  0.52265625 0.8261904761904761 0.09531249999999998 0.14000000000000007
0  0.6124999999999999 0.8023809523809524 0.10000000000000002 0.1285714285714285
0  0.7825520833333334 0.8123809523809525 0.08072916666666671 0.1257142857142857
0  0.8731770833333333 0.9128571428571429 0.0703125 0.14380952380952383
0  0.6575520833333334 0.6519047619047618 0.06197916666666676 0.10000000000000002
0  0.6010416666666668 0.6038095238095238 0.0697916666666667 0.10857142857142854
0  0.5721354166666667 0.5442857142857143 0.0567708333333334 0.0752380952380952
0  0.5098958333333333 0.4714285714285714 0.053125000000000026 0.05333333333333336
0  0.4744791666666667 0.440952380952381 0.05104166666666669 0.05523809523809518
0  0.42630208333333336 0.38476190476190475 0.05052083333333331 0.06285714285714292
0  0.38750000000000007 0.34952380952380946 0.04791666666666667 0.06285714285714285
0  0.234375 0.2804761904761905 0.03125 0.042857142857142864
0  0.3026041666666667 0.709047619047619 0.07500000000000002 0.1228571428571429
0  0.2971354166666667 0.630952380952381 0.07135416666666664 0.08285714285714287
1  0.27838541666666666 0.3514285714285714 0.05885416666666669 0.11047619047619049