0  0.53125 0.5109523809523809 0.06041666666666666 0.06952380952380947
0  0.7119791666666667 0.7095238095238096 0.06354166666666661 0.14857142857142858
0  0.7882812499999999 0.8195238095238094 0.09218750000000002 0.13047619047619044
0  0.9653645833333334 0.9509523809523809 0.06927083333333327 0.08285714285714287
0  0.29453124999999997 0.6328571428571428 0.08906250000000002 0.11142857142857146
0  0.3625 0.5042857142857143 0.053125000000000026 0.08857142857142852
0  0.2846354166666667 0.3609523809523809 0.03489583333333335 0.0647619047619048
0  0.43072916666666666 0.3871428571428571 0.054166666666666634 0.06571428571428571
0  0.4088541666666667 0.3628571428571429 0.041666666666666644 0.049523809523809526
0  0.22265625 0.2519047619047619 0.029687499999999995 0.044761904761904746
0  0.2557291666666667 0.2066666666666667 0.021874999999999995 0.0323809523809524