0  0.4955729166666667 0.7671428571428571 0.09218750000000002 0.15714285714285708
0  0.78515625 0.8023809523809524 0.08489583333333327 0.13428571428571434
0  0.8703124999999999 0.9185714285714285 0.08333333333333329 0.1476190476190476
0  0.6127604166666666 0.6071428571428571 0.060937500000000026 0.07904761904761903
0  0.4981770833333333 0.4761904761904762 0.048437499999999974 0.055238095238095246
0  0.5385416666666667 0.5052380952380953 0.05833333333333331 0.06571428571428571
0  0.4518229166666667 0.41285714285714287 0.05677083333333328 0.05999999999999999
0  0.24739583333333334 0.3085714285714286 0.03229166666666667 0.060952380952380966
0  0.19322916666666665 0.15523809523809523 0.018749999999999982 0.032380952380952364
0  0.35859375 0.8714285714285713 0.09531249999999998 0.16761904761904756
0  0.33437500000000003 0.7871428571428571 0.09791666666666668 0.12857142857142861
0  0.3078125 0.6985714285714285 0.08020833333333334 0.1038095238095238
0  0.2971354166666667 0.6271428571428571 0.06510416666666671 0.07142857142857142
0  0.40755208333333337 0.37047619047619046 0.045312500000000026 0.053333333333333295
3  0.07604166666666666 0.6585714285714285 0.02604166666666666 0.10952380952380951
3  0.5778645833333333 0.639047619047619 0.015104166666666632 0.08380952380952385
3  0.56484375 0.6066666666666667 0.01302083333333329 0.07428571428571429