2  0.5817708333333333 0.7071428571428571 0.16562500000000005 0.26571428571428574
2  0.2671875 0.2571428571428571 0.055208333333333304 0.0933333333333333
1  0.2359375 0.20476190476190476 0.028124999999999987 0.0723809523809524
0  0.40468750000000003 0.35809523809523813 0.038541666666666634 0.043809523809523805
0  0.4296875 0.3871428571428571 0.057291666666666644 0.0580952380952381
0  0.5317708333333334 0.5061904761904762 0.055208333333333304 0.05619047619047622
0  0.7114583333333334 0.71 0.06041666666666666 0.12476190476190473
0  0.7885416666666666 0.821904761904762 0.08854166666666671 0.13523809523809519
0  0.96484375 0.9495238095238095 0.0703125 0.09333333333333334
0  0.2950520833333333 0.6314285714285715 0.09218750000000002 0.1142857142857144
3  0.5377604166666667 0.5261904761904762 0.013020833333333355 0.06571428571428577