0  0.41744791666666664 0.6376190476190475 0.06510416666666664 0.13428571428571434
0  0.3770833333333333 0.8871428571428571 0.14479166666666668 0.2104761904761904
0  0.3028645833333333 0.7176190476190476 0.08385416666666666 0.11333333333333329
0  0.2791666666666667 0.6423809523809523 0.06770833333333336 0.10952380952380951
0  0.24296875 0.29761904761904756 0.04010416666666667 0.06761904761904759
0  0.5333333333333333 0.5133333333333334 0.056249999999999974 0.05714285714285713
0  0.9609375 0.9461904761904761 0.078125 0.10761904761904757
0  0.5010416666666667 0.4714285714285714 0.06145833333333333 0.0647619047619048
0  0.4747395833333333 0.43952380952380954 0.05364583333333333 0.06952380952380947
0  0.44765625000000003 0.41047619047619044 0.048437499999999974 0.05333333333333336
0  0.4239583333333333 0.38476190476190475 0.04583333333333333 0.06285714285714292