3  0.09505208333333333 0.4695238095238095 0.01927083333333333 0.07047619047619046
3  0.09401041666666667 0.8095238095238094 0.029687499999999995 0.10476190476190476
3  0.9247395833333334 0.7914285714285715 0.027604166666666683 0.12761904761904752
0  0.5208333333333334 0.8104761904761906 0.10312499999999998 0.1504761904761905
0  0.3752604166666667 0.8838095238095239 0.13593750000000002 0.21523809523809526
0  0.3026041666666667 0.7138095238095238 0.07812499999999997 0.1285714285714285
0  0.2955729166666667 0.6347619047619047 0.07135416666666668 0.08476190476190482
0  0.2760416666666667 0.36523809523809525 0.041666666666666644 0.05999999999999999
0  0.23463541666666668 0.28809523809523807 0.029687499999999995 0.06380952380952386
0  0.6552083333333333 0.6533333333333333 0.06145833333333339 0.09904761904761905
0  0.7143229166666666 0.7333333333333333 0.06822916666666666 0.10666666666666672
0  0.7848958333333333 0.8104761904761906 0.08125000000000007 0.1200000000000001
0  0.8682291666666667 0.9190476190476191 0.06770833333333329 0.1504761904761905
0  0.6036458333333333 0.6047619047619047 0.07708333333333327 0.100952380952381
0  0.5692708333333333 0.5466666666666667 0.056249999999999974 0.07619047619047624
0  0.5057291666666667 0.4766666666666667 0.04895833333333334 0.06761904761904759
0  0.4734375 0.43714285714285717 0.04895833333333334 0.060952380952380966
0  0.4234375 0.38476190476190475 0.04895833333333334 0.060952380952380966
0  0.3875 0.3466666666666667 0.04479166666666666 0.059047619047619015