0  0.47890625000000003 0.7461904761904762 0.07864583333333337 0.15904761904761905
0  0.7143229166666666 0.7314285714285714 0.08489583333333339 0.12380952380952388
0  0.7822916666666667 0.8242857142857142 0.07291666666666671 0.10761904761904757
0  0.8533854166666667 0.9190476190476191 0.07760416666666663 0.13523809523809519
0  0.9643229166666666 0.9585714285714285 0.07135416666666661 0.07904761904761896
0  0.6513020833333333 0.6552380952380952 0.06822916666666666 0.09142857142857139
0  0.6143229166666667 0.6047619047619047 0.07447916666666668 0.08380952380952378
0  0.5682291666666667 0.5561904761904762 0.06770833333333336 0.09523809523809522
0  0.5294270833333333 0.5238095238095238 0.044270833333333294 0.06285714285714285
0  0.5 0.47619047619047616 0.05937499999999999 0.06285714285714285
0  0.4481770833333334 0.41809523809523813 0.049479166666666644 0.049523809523809526
0  0.4348958333333333 0.38761904761904764 0.04583333333333333 0.038095238095238085
0  0.36874999999999997 0.5238095238095238 0.052083333333333356 0.08380952380952378
0  0.34765625 0.8785714285714287 0.12031250000000002 0.1761904761904762
0  0.3223958333333333 0.7776190476190477 0.09375 0.1342857142857142
0  0.3119791666666667 0.6966666666666667 0.10000000000000002 0.13619047619047617
0  0.31145833333333334 0.32476190476190475 0.039583333333333366 0.051428571428571414
0  0.2520833333333333 0.3304761904761905 0.03437500000000001 0.05714285714285713
0  0.275 0.2833333333333333 0.031250000000000035 0.048571428571428585
0  0.22057291666666665 0.20333333333333334 0.02239583333333336 0.029523809523809508
3  0.09401041666666667 0.7833333333333332 0.026562500000000013 0.10952380952380951
3  0.12369791666666667 0.49619047619047624 0.016145833333333335 0.06666666666666662
3  0.10911458333333335 0.499047619047619 0.011979166666666667 0.06285714285714285
3  0.07421875 0.5042857142857143 0.017187499999999998 0.06000000000000005
3  0.09427083333333333 0.5009523809523809 0.014583333333333328 0.07238095238095234
3  0.6244791666666666 0.46761904761904766 0.01041666666666671 0.060952380952380966
0  0.390625 0.34238095238095234 0.046875 0.05047619047619044