0  0.48828125 0.76 0.09010416666666668 0.14285714285714285
0  0.35546875 0.5233333333333333 0.048437499999999974 0.08095238095238098
0  0.4098958333333333 0.4780952380952381 0.052083333333333356 0.0723809523809524
0  0.4596354166666667 0.5771428571428572 0.059895833333333356 0.07238095238095234
0  0.5666666666666667 0.5599999999999999 0.055208333333333366 0.07238095238095234
0  0.65859375 0.6561904761904762 0.06614583333333332 0.09714285714285723
0  0.7062499999999999 0.7304761904761905 0.07187499999999998 0.10666666666666659
0  0.7778645833333334 0.8138095238095238 0.08385416666666666 0.11523809523809524
0  0.8549479166666666 0.9147619047619048 0.07760416666666677 0.13238095238095227
0  0.9684895833333333 0.9614285714285715 0.060937500000000026 0.07714285714285715
0  0.33515625 0.79 0.08906249999999995 0.1476190476190476
0  0.30703125000000003 0.7042857142857143 0.08385416666666669 0.13428571428571434
0  0.27630208333333334 0.36904761904761907 0.03802083333333336 0.06571428571428571
0  0.32083333333333336 0.3461904761904762 0.037499999999999964 0.0504761904761905
0  0.39609374999999997 0.3447619047619047 0.044270833333333356 0.041904761904761924
0  0.4239583333333333 0.38619047619047614 0.03229166666666667 0.03714285714285718
0  0.4528645833333333 0.41571428571428576 0.049479166666666644 0.05238095238095238
0  0.5026041666666667 0.4757142857142857 0.053124999999999964 0.06190476190476194
0  0.5320312500000001 0.5247619047619048 0.05572916666666667 0.06285714285714292
0  0.25052083333333336 0.23952380952380953 0.026041666666666678 0.02952380952380954
0  0.2203125 0.2604761904761905 0.03125 0.04666666666666667
3  0.16510416666666666 0.7295238095238096 0.018750000000000013 0.09333333333333334
3  0.8132812500000001 0.8204761904761905 0.01302083333333329 0.0904761904761904
3  0.6401041666666666 0.46904761904761905 0.011458333333333317 0.05428571428571427
3  0.6263020833333334 0.4585714285714286 0.009895833333333342 0.04666666666666667
3  0.6119791666666667 0.4738095238095238 0.008333333333333368 0.04857142857142861
3  0.5411458333333333 0.4033333333333333 0.01041666666666671 0.05428571428571427
0  0.35260416666666666 0.2923809523809524 0.038541666666666634 0.03809523809523812
0  0.3135416666666667 0.2561904761904762 0.03229166666666667 0.02666666666666668