0  0.3770833333333333 0.5285714285714286 0.054166666666666634 0.09904761904761905
0  0.44218750000000007 0.5190476190476191 0.052083333333333356 0.0723809523809524
0  0.53828125 0.5057142857142857 0.05572916666666667 0.07047619047619046
0  0.5661458333333333 0.5652380952380953 0.04791666666666667 0.06952380952380954
0  0.609375 0.6080952380952381 0.06458333333333334 0.08285714285714287
0  0.6598958333333333 0.659047619047619 0.06354166666666661 0.08761904761904761
0  0.7192708333333334 0.719047619047619 0.0625 0.09904761904761905
0  0.7809895833333333 0.8123809523809523 0.0703125 0.12380952380952388
0  0.8723958333333334 0.9299999999999999 0.07916666666666661 0.1323809523809524
0  0.9640624999999999 0.9600000000000001 0.07187499999999998 0.07428571428571436
0  0.5059895833333333 0.7780952380952382 0.09218750000000002 0.16761904761904756
0  0.6369791666666667 0.8261904761904761 0.08645833333333337 0.11904761904761914
0  0.3713541666666667 0.8957142857142857 0.125 0.1895238095238096
0  0.27291666666666664 0.3466666666666667 0.039583333333333304 0.053333333333333295
0  0.29453124999999997 0.30142857142857143 0.029687499999999995 0.040952380952380976
0  0.36406250000000007 0.3080952380952381 0.038541666666666696 0.046666666666666634
0  0.24010416666666665 0.22428571428571425 0.022916666666666665 0.025714285714285707
0  0.26640625 0.25857142857142856 0.026562499999999982 0.044761904761904746
0  0.47421874999999997 0.43714285714285717 0.05052083333333338 0.055238095238095246
0  0.41067708333333336 0.3671428571428571 0.04322916666666669 0.05428571428571427