3  0.10703125000000001 0.37142857142857144 0.015104166666666665 0.06666666666666668
3  0.07630208333333334 0.3519047619047619 0.014062500000000002 0.05619047619047622
3  0.06510416666666667 0.35428571428571426 0.011458333333333333 0.059047619047619015
3  0.65078125 0.5071428571428571 0.014062499999999898 0.06952380952380954
0  0.43515625 0.6423809523809523 0.07239583333333334 0.10571428571428562
0  0.3651041666666667 0.8947619047619048 0.11145833333333334 0.15714285714285722
0  0.3361979166666667 0.7833333333333333 0.09843750000000005 0.14571428571428566
0  0.2963541666666667 0.64 0.08750000000000001 0.1161904761904762
0  0.34895833333333337 0.49809523809523804 0.054166666666666634 0.10666666666666666
0  0.3625 0.4119047619047619 0.04583333333333339 0.06571428571428571
0  0.4315104166666667 0.390952380952381 0.04322916666666669 0.0504761904761905
0  0.47734375000000007 0.4442857142857143 0.048437500000000036 0.05428571428571427
0  0.5020833333333333 0.48047619047619045 0.039583333333333366 0.05999999999999999
0  0.5328125 0.51 0.05937499999999999 0.06952380952380954
0  0.5661458333333333 0.5533333333333333 0.07395833333333332 0.09904761904761898
0  0.6229166666666668 0.6023809523809524 0.04479166666666666 0.06952380952380954
0  0.4091145833333334 0.3623809523809524 0.04010416666666667 0.04666666666666667
0  0.3473958333333333 0.2942857142857143 0.039583333333333304 0.043809523809523805
0  0.328125 0.26095238095238094 0.03437500000000001 0.041904761904761924
0  0.2736979166666667 0.2671428571428572 0.028645833333333322 0.03333333333333331
0  0.27239583333333334 0.35000000000000003 0.04270833333333331 0.06571428571428571
0  0.23281250000000003 0.2819047619047619 0.03437499999999998 0.05523809523809521
0  0.2625 0.48999999999999994 0.046874999999999965 0.06761904761904759