0  0.5096354166666667 0.6342857142857142 0.07656249999999996 0.1161904761904762
0  0.5393229166666667 0.8547619047619046 0.10468749999999995 0.16476190476190475
0  0.71328125 0.7219047619047619 0.08177083333333332 0.11999999999999998
0  0.7817708333333334 0.8190476190476189 0.0687499999999999 0.10476190476190476
0  0.8541666666666667 0.9019047619047618 0.07500000000000005 0.13714285714285715
0  0.9635416666666667 0.959047619047619 0.07291666666666659 0.0819047619047619
0  0.65234375 0.6528571428571429 0.06822916666666666 0.08476190476190469
0  0.6104166666666667 0.600952380952381 0.06979166666666677 0.07809523809523819
0  0.5658854166666666 0.5461904761904762 0.06718749999999998 0.07142857142857142
0  0.49765624999999997 0.4761904761904762 0.059895833333333356 0.055238095238095246
0  0.40286458333333336 0.47523809523809524 0.0546875 0.0819047619047619
0  0.3182291666666667 0.34714285714285714 0.037500000000000026 0.07142857142857142
0  0.28229166666666666 0.36476190476190473 0.03749999999999999 0.0723809523809524
0  0.22760416666666666 0.27999999999999997 0.03020833333333333 0.059047619047619015
0  0.2536458333333333 0.24095238095238095 0.026041666666666678 0.05142857142857144
0  0.3502604166666667 0.8728571428571428 0.11718750000000007 0.1857142857142857
0  0.32916666666666666 0.7623809523809524 0.08333333333333329 0.11523809523809524
0  0.3088541666666667 0.6985714285714286 0.08229166666666668 0.09619047619047613
0  0.28619791666666666 0.6414285714285715 0.06614583333333332 0.09047619047619053
0  0.5294270833333333 0.5185714285714286 0.047395833333333366 0.05999999999999999
0  0.42343749999999997 0.38523809523809527 0.07187500000000004 0.06190476190476194
3  0.12708333333333335 0.9142857142857144 0.022916666666666665 0.13714285714285715
3  0.10260416666666668 0.9161904761904763 0.028125000000000004 0.13714285714285715
3  0.09166666666666667 0.5014285714285714 0.014583333333333328 0.06571428571428577
3  0.07005208333333333 0.508095238095238 0.014062499999999993 0.0752380952380952
3  0.8468749999999999 0.7104761904761905 0.02395833333333324 0.09904761904761905
3  0.9604166666666666 0.790952380952381 0.014583333333333393 0.08476190476190469
3  0.521875 0.40285714285714286 0.011458333333333317 0.060952380952380966
3  0.5328125 0.3985714285714286 0.014583333333333328 0.0580952380952381