0  0.5036458333333333 0.6342857142857142 0.07187500000000004 0.09333333333333334
0  0.5666666666666667 0.559047619047619 0.054166666666666634 0.07428571428571422
0  0.5320312500000001 0.5242857142857142 0.05156249999999999 0.05999999999999999
0  0.5028645833333334 0.4723809523809524 0.049479166666666644 0.059047619047619015
0  0.45234375 0.4128571428571428 0.05885416666666669 0.0580952380952381
0  0.4276041666666667 0.39285714285714285 0.04270833333333331 0.05619047619047622
0  0.31536458333333334 0.35333333333333333 0.0390625 0.043809523809523805
0  0.22760416666666666 0.21476190476190476 0.019791666666666683 0.02952380952380954
0  0.25911458333333337 0.22095238095238096 0.0234375 0.024761904761904763
0  0.6580729166666668 0.6547619047619049 0.06406249999999998 0.10190476190476197
0  0.7065104166666666 0.7304761904761905 0.07447916666666668 0.11047619047619049
0  0.7744791666666667 0.8119047619047619 0.09166666666666666 0.11523809523809524
0  0.8549479166666666 0.9171428571428571 0.07760416666666677 0.13142857142857142
0  0.97109375 0.959047619047619 0.05781249999999995 0.07428571428571436
0  0.3278645833333333 0.7914285714285713 0.09843749999999998 0.14857142857142858
0  0.30546875 0.7080952380952381 0.08385416666666663 0.13428571428571434
0  0.3127604166666667 0.2538095238095238 0.030729166666666634 0.031428571428571424
0  0.33046875000000003 0.2842857142857143 0.025520833333333343 0.03142857142857146
0  0.3518229166666667 0.2938095238095238 0.033854166666666706 0.040952380952380976
0  0.4044270833333333 0.36619047619047623 0.03489583333333331 0.04666666666666667
3  0.09218749999999999 0.4976190476190476 0.014583333333333346 0.0580952380952381
3  0.11171874999999999 0.499047619047619 0.009895833333333326 0.060952380952380966
3  0.13697916666666668 0.4947619047619048 0.008333333333333335 0.06380952380952376
3  0.06770833333333334 0.27714285714285714 0.009375000000000007 0.04190476190476189
3  0.62109375 0.5004761904761904 0.010937499999999949 0.05238095238095238
3  0.6320312499999999 0.4995238095238096 0.008854166666666607 0.0580952380952381
3  0.8953125000000001 0.7180952380952382 0.016666666666666736 0.09142857142857139
3  0.9122395833333333 0.709047619047619 0.013020833333333417 0.08857142857142859
3  0.8385416666666667 0.7038095238095237 0.02083333333333342 0.0819047619047619
3  0.50546875 0.34809523809523807 0.008854166666666672 0.04095238095238095
3  0.48906250000000007 0.3576190476190476 0.010416666666666645 0.03714285714285711