0  0.5255208333333333 0.649047619047619 0.07604166666666666 0.09047619047619053
0  0.659375 0.6614285714285714 0.0625 0.09619047619047626
0  0.7177083333333333 0.722857142857143 0.06458333333333334 0.10285714285714283
0  0.7820312500000001 0.8161904761904761 0.06927083333333327 0.10857142857142867
0  0.8703124999999999 0.9199999999999999 0.08020833333333334 0.13333333333333325
0  0.9658854166666667 0.9619047619047619 0.06822916666666666 0.07428571428571422
0  0.36822916666666666 0.8952380952380953 0.12187500000000005 0.18666666666666668
0  0.35651041666666666 0.5 0.046354166666666634 0.0819047619047619
0  0.5044270833333334 0.47095238095238096 0.0546875 0.06000000000000005
0  0.5385416666666666 0.5061904761904762 0.057291666666666644 0.05428571428571427
0  0.5682291666666667 0.5661904761904761 0.054166666666666634 0.07142857142857137
0  0.6109375000000001 0.6080952380952381 0.06145833333333339 0.08285714285714287
0  0.28984375 0.2980952380952381 0.03385416666666668 0.05523809523809521
0  0.23515624999999998 0.2871428571428571 0.03177083333333334 0.04666666666666667
0  0.23697916666666669 0.20714285714285713 0.020833333333333353 0.029523809523809508
0  0.24739583333333334 0.23666666666666666 0.023958333333333335 0.021904761904761903