3  0.9026041666666667 0.7347619047619046 0.015625 0.11142857142857146
3  0.07708333333333332 0.4028571428571429 0.011458333333333333 0.051428571428571414
0  0.4205729166666667 0.6461904761904762 0.06927083333333332 0.12476190476190473
0  0.3515625 0.8757142857142857 0.11145833333333334 0.17238095238095244
0  0.3341145833333333 0.7623809523809524 0.0859375 0.11523809523809524
0  0.30625 0.7071428571428572 0.06979166666666667 0.10571428571428575
0  0.2794270833333333 0.6371428571428571 0.07656250000000002 0.09142857142857151
0  0.7140624999999999 0.7257142857142858 0.08749999999999998 0.12761904761904752
0  0.7825520833333334 0.8228571428571428 0.07239583333333334 0.10285714285714283
0  0.8591145833333333 0.9095238095238096 0.07864583333333337 0.13714285714285715
0  0.9622395833333334 0.9585714285714285 0.0703125 0.08285714285714287
0  0.6565104166666667 0.650952380952381 0.061979166666666634 0.07904761904761896
0  0.6117187499999999 0.6052380952380952 0.07239583333333334 0.0923809523809523
0  0.5635416666666667 0.549047619047619 0.06041666666666666 0.09428571428571424
0  0.5268229166666666 0.5219047619047619 0.049479166666666644 0.059047619047619015
0  0.4958333333333333 0.48047619047619045 0.05937499999999999 0.06190476190476194
0  0.46588541666666666 0.4419047619047619 0.060937500000000026 0.059047619047619015
0  0.42265625000000007 0.38285714285714284 0.07135416666666668 0.05714285714285713
0  0.3583333333333334 0.4123809523809524 0.04583333333333333 0.06476190476190473
0  0.25703125 0.2638095238095238 0.0234375 0.041904761904761924
0  0.24687499999999998 0.23142857142857146 0.028125000000000018 0.030476190476190452
0  0.30703125000000003 0.25 0.027604166666666683 0.03142857142857146