0  0.5276041666666667 0.6709523809523809 0.07708333333333339 0.1038095238095238
0  0.8723958333333334 0.9004761904761904 0.06770833333333329 0.12476190476190485
2  0.37343750000000003 0.39952380952380956 0.08333333333333336 0.14190476190476195
0  0.36562500000000003 0.8776190476190476 0.11979166666666664 0.20476190476190478
0  0.66015625 0.6652380952380952 0.07968749999999998 0.1228571428571429
0  0.5401041666666667 0.5119047619047619 0.05000000000000001 0.07904761904761903
0  0.5002604166666667 0.4723809523809524 0.05364583333333339 0.07619047619047617
0  0.4763020833333333 0.4419047619047619 0.05052083333333338 0.060952380952380966
0  0.38046874999999997 0.5495238095238095 0.06510416666666664 0.11238095238095244
0  0.3 0.6342857142857142 0.08541666666666667 0.13714285714285715
0  0.25494791666666666 0.24761904761904763 0.027604166666666683 0.049523809523809526
0  0.3263020833333333 0.26857142857142857 0.03697916666666666 0.043809523809523805
3  0.15312499999999998 0.761904761904762 0.033333333333333326 0.10476190476190476