0  0.42890625 0.6685714285714285 0.06822916666666666 0.11047619047619049
0  0.378125 0.5547619047619048 0.0625 0.10190476190476191
0  0.3721354166666667 0.4219047619047619 0.05781250000000001 0.08190476190476195
0  0.56796875 0.5519047619047619 0.07656250000000002 0.0942857142857143
0  0.53515625 0.51 0.061979166666666696 0.08285714285714287
0  0.5028645833333333 0.47714285714285715 0.0546875 0.06857142857142857
0  0.4763020833333333 0.4547619047619048 0.05364583333333333 0.06380952380952383
0  0.42916666666666664 0.39285714285714285 0.039583333333333304 0.04857142857142855
0  0.3903645833333333 0.3371428571428572 0.0546875 0.05333333333333336
0  0.40755208333333337 0.3680952380952381 0.0390625 0.04285714285714283
0  0.3494791666666667 0.2914285714285714 0.046875 0.045714285714285756
0  0.3283854166666667 0.2642857142857143 0.04114583333333334 0.03904761904761903
0  0.23958333333333334 0.22190476190476188 0.03125 0.04380952380952384
0  0.33749999999999997 0.7890476190476191 0.08854166666666664 0.14952380952380956
0  0.3658854166666667 0.9014285714285714 0.11822916666666668 0.15904761904761905
0  0.2927083333333333 0.6414285714285715 0.08645833333333333 0.119047619047619
0  0.2609375 0.48333333333333334 0.04999999999999998 0.07333333333333338
3  0.8786458333333333 0.730952380952381 0.021875000000000026 0.11714285714285706