0  0.3510416666666667 0.8723809523809524 0.11562500000000002 0.17714285714285719
0  0.32369791666666664 0.7804761904761904 0.09635416666666664 0.1285714285714285
0  0.31354166666666666 0.699047619047619 0.10312499999999998 0.14285714285714285
0  0.36380208333333336 0.5495238095238095 0.05572916666666667 0.08380952380952378
0  0.603125 0.7842857142857144 0.1020833333333333 0.15904761904761905
0  0.7153645833333334 0.7238095238095238 0.08177083333333332 0.13714285714285715
0  0.7807291666666666 0.8309523809523809 0.07187499999999998 0.12476190476190473
0  0.85390625 0.9180952380952381 0.07552083333333341 0.13142857142857142
0  0.9640624999999999 0.9595238095238096 0.07187499999999998 0.07714285714285715
0  0.6541666666666668 0.6538095238095237 0.06770833333333329 0.08666666666666664
0  0.6138020833333334 0.5985714285714286 0.07135416666666673 0.09238095238095242
0  0.5674479166666667 0.5523809523809524 0.07135416666666661 0.09523809523809527
0  0.5265625 0.5204761904761905 0.046875 0.05619047619047616
0  0.5010416666666667 0.47619047619047616 0.05833333333333331 0.07047619047619051
0  0.32890625000000007 0.35857142857142854 0.04218750000000001 0.06571428571428577
0  0.22473958333333335 0.20904761904761907 0.02239583333333333 0.03333333333333334
0  0.3611979166666667 0.30476190476190473 0.05156249999999999 0.04190476190476189
0  0.45026041666666666 0.41761904761904756 0.045312500000000026 0.04666666666666667
0  0.3104166666666667 0.26142857142857145 0.038541666666666696 0.037142857142857144
3  0.07187500000000001 0.5338095238095238 0.013541666666666665 0.0790476190476191
3  0.08411458333333334 0.5190476190476191 0.010937499999999998 0.059047619047619015
3  0.10833333333333332 0.5404761904761904 0.013541666666666674 0.07904761904761896
3  0.11953124999999999 0.5261904761904762 0.011979166666666667 0.07523809523809526
3  0.09453125 0.5338095238095237 0.0078125 0.07333333333333332
3  0.48177083333333337 0.4919047619047619 0.011458333333333317 0.06952380952380947