3  0.11145833333333334 0.900952380952381 0.02604166666666666 0.11999999999999998
3  0.5091145833333334 0.369047619047619 0.011979166666666683 0.05238095238095238
0  0.49374999999999997 0.7714285714285715 0.09687500000000002 0.16
0  0.3533854166666667 0.9061904761904762 0.11197916666666664 0.16095238095238087
0  0.3278645833333333 0.7871428571428571 0.08802083333333331 0.11333333333333329
0  0.8651041666666668 0.9014285714285715 0.07708333333333339 0.1285714285714285
0  0.7888020833333333 0.8123809523809525 0.07760416666666663 0.1257142857142857
0  0.7151041666666667 0.7438095238095238 0.08541666666666663 0.10666666666666672
0  0.6580729166666668 0.6585714285714285 0.07552083333333329 0.11714285714285706
0  0.6104166666666667 0.6 0.06041666666666666 0.08000000000000007
0  0.5708333333333334 0.5533333333333333 0.06874999999999996 0.0971428571428571
0  0.5359375000000001 0.5114285714285715 0.052083333333333356 0.06666666666666668
0  0.5026041666666667 0.48142857142857143 0.046875 0.04476190476190478
0  0.4708333333333333 0.44 0.04999999999999995 0.047619047619047575
0  0.44661458333333337 0.41571428571428576 0.04322916666666669 0.05999999999999999
0  0.3317708333333333 0.36714285714285716 0.036458333333333356 0.05619047619047616
0  0.3958333333333333 0.34904761904761905 0.05000000000000001 0.05619047619047622
0  0.25859375 0.33285714285714285 0.03802083333333333 0.06190476190476194
0  0.2643229166666667 0.2576190476190476 0.029687500000000026 0.048571428571428585
0  0.22968750000000002 0.27999999999999997 0.023958333333333335 0.043809523809523805
0  0.31406249999999997 0.6795238095238095 0.09479166666666668 0.12476190476190473
0  0.29140625000000003 0.6104761904761905 0.08489583333333332 0.08761904761904761