3  0.10494791666666667 0.7976190476190477 0.02447916666666667 0.11142857142857146
3  0.08385416666666667 0.45428571428571424 0.014583333333333328 0.08380952380952378
0  0.5669270833333334 0.5642857142857143 0.05781250000000001 0.08285714285714287
0  0.6591145833333333 0.6585714285714285 0.06510416666666671 0.10190476190476197
0  0.7192708333333334 0.7257142857142858 0.07395833333333332 0.11238095238095244
0  0.7908854166666667 0.8071428571428572 0.07760416666666663 0.12095238095238095
0  0.8679687500000001 0.9066666666666666 0.08072916666666671 0.13904761904761895
0  0.5338541666666667 0.5171428571428571 0.046875 0.060952380952380966
0  0.4997395833333333 0.47523809523809524 0.05572916666666667 0.0571428571428572
0  0.4494791666666667 0.40714285714285714 0.046875 0.04857142857142855
0  0.41953124999999997 0.39142857142857146 0.03489583333333338 0.04380952380952387
0  0.47500000000000003 0.43809523809523804 0.052083333333333356 0.05714285714285713
0  0.3825520833333333 0.43571428571428567 0.047395833333333304 0.07333333333333332
0  0.24869791666666669 0.31238095238095237 0.04010416666666667 0.05523809523809521
0  0.33932291666666664 0.2719047619047619 0.047395833333333304 0.03333333333333334
0  0.30963541666666666 0.6833333333333333 0.07968749999999998 0.11714285714285719
0  0.3690104166666667 0.8914285714285715 0.11822916666666668 0.1638095238095238
0  0.32916666666666666 0.779047619047619 0.09687500000000004 0.1447619047619048
0  0.29296875 0.6119047619047618 0.09218749999999999 0.09809523809523814
0  0.39609374999999997 0.34809523809523807 0.04010416666666667 0.04666666666666667