0  0.6611979166666667 0.6580952380952381 0.07760416666666677 0.10857142857142854
0  0.3674479166666667 0.8709523809523809 0.10885416666666663 0.19904761904761895
0  0.5377604166666667 0.5090476190476191 0.0546875 0.06571428571428571
0  0.4997395833333333 0.47523809523809524 0.05260416666666672 0.06666666666666668
0  0.4752604166666667 0.440952380952381 0.05677083333333334 0.06285714285714285
0  0.29817708333333337 0.64 0.09739583333333335 0.14095238095238097
0  0.32578124999999997 0.2671428571428571 0.03802083333333333 0.04095238095238095
0  0.2502604166666667 0.23809523809523808 0.030729166666666665 0.0323809523809524
0  0.234375 0.20809523809523808 0.027083333333333317 0.035238095238095256
0  0.22187500000000002 0.16857142857142857 0.03854166666666666 0.032380952380952364
3  0.07421875 0.369047619047619 0.013020833333333324 0.05238095238095238