3  0.7661458333333334 0.6576190476190477 0.015625 0.06761904761904766
3  0.7697916666666667 0.5747619047619048 0.012500000000000051 0.06190476190476194
3  0.73828125 0.5871428571428572 0.011979166666666683 0.06952380952380954
3  0.12317708333333334 0.5223809523809523 0.010937499999999998 0.06380952380952383
3  0.43098958333333337 0.30666666666666664 0.009895833333333342 0.038095238095238085
0  0.8583333333333333 0.9142857142857144 0.06875000000000002 0.13714285714285715
0  0.97109375 0.9647619047619048 0.05781249999999995 0.0685714285714285
0  0.56796875 0.5638095238095239 0.05156249999999999 0.07047619047619046
0  0.5309895833333333 0.5223809523809524 0.0546875 0.05999999999999999
0  0.5041666666666667 0.4747619047619048 0.052083333333333294 0.05999999999999999
0  0.45416666666666666 0.41666666666666663 0.0625 0.05999999999999999
0  0.39531250000000007 0.3461904761904762 0.039583333333333304 0.05238095238095232
0  0.35208333333333336 0.29523809523809524 0.03437500000000001 0.03809523809523812
0  0.3125 0.2561904761904762 0.03125 0.02666666666666668
0  0.3307291666666667 0.7871428571428571 0.09479166666666668 0.14571428571428566
0  0.4986979166666667 0.7461904761904762 0.08072916666666664 0.1380952380952381
0  0.3768229166666667 0.5347619047619048 0.06406250000000004 0.09238095238095236
0  0.7729166666666666 0.8028571428571428 0.09062499999999993 0.11238095238095244
0  0.7039062500000001 0.7271428571428571 0.07135416666666673 0.10190476190476185
0  0.6588541666666667 0.6547619047619049 0.06666666666666668 0.10190476190476197
0  0.3072916666666667 0.6904761904761906 0.08333333333333336 0.12380952380952374