0  0.36380208333333336 0.8757142857142857 0.10781249999999996 0.2009523809523809
0  0.6591145833333334 0.6633333333333332 0.08177083333333332 0.1228571428571429
0  0.86953125 0.8942857142857142 0.07760416666666663 0.14285714285714285
0  0.47552083333333334 0.439047619047619 0.053125000000000026 0.06476190476190473
0  0.5046875000000001 0.47714285714285715 0.05000000000000001 0.07047619047619046
0  0.5395833333333334 0.5104761904761904 0.055208333333333304 0.07047619047619046
0  0.30182291666666666 0.32523809523809527 0.040104166666666705 0.05999999999999999
0  0.2643229166666667 0.2623809523809524 0.025520833333333343 0.03714285714285711
0  0.30130208333333336 0.6376190476190475 0.09947916666666669 0.1285714285714285
2  0.23984375 0.20952380952380953 0.04010416666666667 0.07809523809523809
3  0.12578125 0.8861904761904762 0.025520833333333343 0.12476190476190473
3  0.09817708333333333 0.8823809523809524 0.026562500000000013 0.14952380952380956
3  0.07317708333333332 0.32142857142857145 0.011979166666666667 0.05809523809523804
3  0.3783854166666667 0.5128571428571428 0.025520833333333343 0.09809523809523808
3  0.7815104166666667 0.6076190476190477 0.011979166666666683 0.0723809523809524
0  0.3268229166666667 0.2671428571428571 0.04218750000000001 0.04095238095238095