0  0.5072916666666667 0.7928571428571429 0.09791666666666668 0.1323809523809524
0  0.7919270833333333 0.8119047619047619 0.08072916666666671 0.12666666666666668
0  0.8682291666666667 0.8957142857142857 0.07083333333333337 0.12476190476190485
0  0.7140624999999999 0.7471428571428572 0.08437500000000002 0.09238095238095248
0  0.6632812499999999 0.6542857142857142 0.08177083333333345 0.1161904761904762
0  0.3557291666666667 0.909047619047619 0.11250000000000002 0.16476190476190475
0  0.32421875 0.7919047619047619 0.09010416666666665 0.12095238095238095
0  0.3161458333333333 0.6919047619047619 0.09791666666666665 0.13999999999999993
0  0.2921875 0.6157142857142858 0.07916666666666664 0.09238095238095242
0  0.2536458333333333 0.32761904761904764 0.03958333333333334 0.0723809523809524
0  0.39557291666666666 0.3466666666666667 0.047395833333333366 0.05714285714285713
0  0.4484375 0.41619047619047617 0.04270833333333331 0.05333333333333336
0  0.47317708333333336 0.4428571428571429 0.044270833333333356 0.059047619047619015
0  0.5002604166666667 0.48333333333333334 0.04218749999999995 0.05428571428571427
0  0.534375 0.5066666666666667 0.056249999999999974 0.06285714285714285
0  0.5700520833333333 0.5480952380952381 0.06718749999999998 0.08285714285714287
0  0.6098958333333334 0.6066666666666667 0.06145833333333327 0.08571428571428573
0  0.3354166666666667 0.4504761904761905 0.04270833333333331 0.07619047619047617
3  0.10208333333333333 0.6228571428571428 0.025000000000000005 0.08380952380952385
3  0.5786458333333334 0.4347619047619048 0.009374999999999975 0.03714285714285711
3  0.6005208333333333 0.4304761904761905 0.013541666666666658 0.05714285714285713