0  0.3846354166666667 0.5695238095238094 0.060937500000000026 0.10285714285714288
0  0.7820312500000001 0.8209523809523809 0.06302083333333337 0.13714285714285715
0  0.9653645833333334 0.9561904761904761 0.06927083333333327 0.08380952380952371
0  0.8747395833333333 0.9252380952380952 0.07968749999999998 0.14000000000000007
0  0.7171875 0.7285714285714285 0.05729166666666658 0.10666666666666672
0  0.6557291666666666 0.6604761904761904 0.06458333333333334 0.09809523809523808
0  0.6106770833333334 0.6061904761904762 0.06927083333333339 0.08095238095238091
0  0.3690104166666667 0.8919047619047619 0.1244791666666667 0.18380952380952387
0  0.30130208333333336 0.32571428571428573 0.031770833333333304 0.03999999999999997
0  0.32552083333333337 0.2633333333333333 0.040624999999999974 0.037142857142857144
0  0.4096354166666667 0.36380952380952386 0.048437499999999974 0.051428571428571414
0  0.5018229166666667 0.47333333333333333 0.05677083333333334 0.05714285714285713
0  0.5401041666666667 0.5061904761904762 0.054166666666666634 0.05619047619047622
0  0.5669270833333334 0.5661904761904762 0.05885416666666669 0.06761904761904766
3  0.16770833333333335 0.7638095238095238 0.013541666666666658 0.07238095238095228
3  0.16848958333333333 0.8461904761904763 0.011979166666666683 0.10761904761904757
3  0.9075520833333334 0.7076190476190476 0.010937500000000076 0.06857142857142863