0  0.4395833333333333 0.66 0.06770833333333329 0.12190476190476193
0  0.6565104166666667 0.6604761904761904 0.0640625000000001 0.08476190476190469
0  0.7192708333333334 0.722857142857143 0.06145833333333327 0.10285714285714283
0  0.78125 0.8161904761904761 0.07291666666666671 0.11047619047619037
0  0.8703124999999999 0.9290476190476191 0.07708333333333339 0.13428571428571434
0  0.9643229166666666 0.9614285714285715 0.07135416666666661 0.07714285714285715
0  0.43072916666666666 0.508095238095238 0.057291666666666706 0.07333333333333338
0  0.5377604166666667 0.5061904761904762 0.05885416666666662 0.06761904761904759
0  0.56484375 0.5661904761904761 0.05781250000000001 0.07333333333333332
0  0.6091145833333333 0.6066666666666667 0.06302083333333337 0.08761904761904768
0  0.25859375 0.33 0.03489583333333335 0.04857142857142855
0  0.2838541666666667 0.2914285714285714 0.03229166666666667 0.05142857142857144
0  0.2614583333333333 0.26095238095238094 0.023958333333333335 0.024761904761904763
0  0.32526041666666666 0.26285714285714284 0.04114583333333334 0.03619047619047617
0  0.3622395833333334 0.3080952380952381 0.03802083333333333 0.046666666666666634
0  0.4088541666666667 0.36523809523809525 0.041666666666666644 0.0504761904761905
0  0.5033854166666666 0.4757142857142857 0.05156249999999999 0.06190476190476194
0  0.36796875000000007 0.8957142857142857 0.12239583333333336 0.1895238095238096
0  0.24401041666666665 0.23380952380952383 0.02239583333333336 0.021904761904761903