3  0.44140625 0.5376190476190477 0.019270833333333317 0.08095238095238098
3  0.45859374999999997 0.5423809523809524 0.015104166666666696 0.07714285714285708
3  0.47317708333333336 0.5380952380952381 0.014062499999999962 0.08
0  0.3416666666666667 0.7842857142857144 0.09583333333333334 0.15523809523809526
0  0.7125000000000001 0.7257142857142858 0.07187499999999998 0.10857142857142854
0  0.86875 0.9171428571428571 0.07395833333333332 0.16571428571428573
0  0.6567708333333334 0.6533333333333333 0.06145833333333327 0.09904761904761905
0  0.6052083333333333 0.6100000000000001 0.06145833333333339 0.10190476190476191
0  0.5734374999999999 0.5580952380952381 0.05937499999999999 0.09142857142857144
0  0.5057291666666667 0.4757142857142857 0.056250000000000036 0.06571428571428571
0  0.4567708333333333 0.41904761904761906 0.05104166666666662 0.05523809523809518
0  0.42890625 0.38619047619047614 0.05885416666666669 0.0580952380952381
0  0.39114583333333336 0.34809523809523807 0.054166666666666696 0.06190476190476187
0  0.19557291666666668 0.3257142857142857 0.07656249999999999 0.0838095238095238
3  0.4713541666666667 0.4195238095238095 0.01145833333333338 0.05999999999999999
0  0.3041666666666667 0.709047619047619 0.07812500000000003 0.10952380952380951
0  0.2817708333333333 0.6342857142857142 0.08229166666666665 0.10476190476190476