3  0.10104166666666667 0.6276190476190475 0.022916666666666665 0.08380952380952385
3  0.09947916666666667 0.3757142857142857 0.015625 0.0504761904761905
0  0.5692708333333333 0.748095238095238 0.09062499999999993 0.119047619047619
0  0.6559895833333333 0.6614285714285714 0.07968749999999998 0.11714285714285719
0  0.7789062500000001 0.8085714285714286 0.08697916666666661 0.15238095238095234
0  0.87109375 0.9042857142857142 0.09739583333333332 0.14000000000000007
0  0.36640624999999993 0.8771428571428572 0.13385416666666666 0.20571428571428577
0  0.34713541666666664 0.7585714285714286 0.11822916666666668 0.15904761904761905
0  0.29062499999999997 0.6442857142857142 0.08229166666666665 0.12095238095238095
0  0.4997395833333333 0.4738095238095238 0.05572916666666667 0.06571428571428577
0  0.27447916666666666 0.27285714285714285 0.038541666666666634 0.05238095238095238
0  0.23463541666666668 0.21809523809523812 0.029687499999999995 0.04571428571428572
0  0.21119791666666668 0.16047619047619047 0.021354166666666657 0.03714285714285716