1  0.4255208333333333 0.5976190476190476 0.109375 0.22190476190476188
0  0.36406250000000007 0.42904761904761907 0.04270833333333338 0.0752380952380952
0  0.4283854166666667 0.38571428571428573 0.05364583333333333 0.055238095238095246
0  0.5731770833333334 0.5404761904761904 0.05364583333333333 0.07904761904761896
0  0.6013020833333333 0.599047619047619 0.07031249999999993 0.09523809523809522
0  0.6572916666666667 0.6528571428571429 0.06145833333333339 0.09238095238095236
0  0.6903645833333334 0.7919047619047619 0.0703125 0.12666666666666668
0  0.7838541666666667 0.809047619047619 0.08854166666666659 0.12857142857142861
0  0.8684895833333334 0.910952380952381 0.06406249999999998 0.15142857142857138
0  0.37421875 0.8852380952380953 0.13072916666666665 0.20476190476190467
0  0.2966145833333333 0.7085714285714285 0.08281249999999998 0.10666666666666659
0  0.29348958333333336 0.6323809523809523 0.07656249999999996 0.0819047619047619
0  0.23046875 0.27619047619047615 0.03489583333333331 0.06666666666666665
0  0.3885416666666667 0.3466666666666667 0.046875 0.04571428571428569
3  0.10494791666666667 0.6652380952380952 0.02447916666666667 0.10190476190476197
3  0.07526041666666668 0.3947619047619048 0.016145833333333335 0.0580952380952381
3  0.07161458333333334 0.33190476190476187 0.009895833333333342 0.0580952380952381
3  0.6510416666666666 0.5123809523809524 0.013541666666666658 0.07238095238095234
3  0.5098958333333333 0.4247619047619048 0.015625 0.04761904761904764