3  0.07317708333333332 0.5171428571428571 0.01927083333333333 0.09142857142857144
3  0.09036458333333333 0.5233333333333333 0.018229166666666678 0.08857142857142852
0  0.36406250000000007 0.8766666666666667 0.11041666666666668 0.20857142857142857
0  0.6604166666666667 0.6680952380952381 0.08020833333333321 0.12476190476190473
0  0.8708333333333333 0.8980952380952382 0.07395833333333332 0.1504761904761905
0  0.5372395833333333 0.5123809523809524 0.05781250000000001 0.07238095238095234
0  0.5018229166666667 0.4795238095238095 0.05677083333333334 0.06952380952380954
0  0.4765625 0.440952380952381 0.054166666666666696 0.06285714285714285
0  0.25104166666666666 0.24428571428571427 0.03125 0.042857142857142864
0  0.32578124999999997 0.2714285714285714 0.031770833333333304 0.04571428571428572
0  0.2986979166666667 0.6323809523809524 0.09010416666666665 0.1447619047619048