0  0.4375 0.6576190476190477 0.07604166666666666 0.13047619047619044
0  0.71484375 0.7242857142857143 0.07760416666666663 0.13999999999999993
0  0.36484374999999997 0.8961904761904762 0.1098958333333333 0.1638095238095238
0  0.30156250000000007 0.7133333333333333 0.07916666666666668 0.11809523809523803
0  0.4494791666666667 0.4195238095238095 0.05937500000000005 0.07904761904761903
0  0.5005208333333334 0.4742857142857143 0.05104166666666669 0.05904761904761908
0  0.5317708333333334 0.5133333333333333 0.06354166666666668 0.07619047619047617
0  0.56953125 0.5542857142857143 0.05677083333333334 0.08380952380952378
0  0.6109375000000001 0.600952380952381 0.057291666666666706 0.09333333333333334
0  0.6546875 0.66 0.06145833333333327 0.0971428571428571
0  0.25390625 0.3 0.04218750000000001 0.055238095238095246
0  0.24921875000000002 0.37047619047619046 0.05572916666666667 0.07047619047619046
0  0.21510416666666668 0.24666666666666665 0.022916666666666665 0.043809523809523805