0  0.59609375 0.7595238095238095 0.09218749999999996 0.11333333333333329
0  0.5973958333333333 0.9314285714285714 0.10833333333333339 0.13714285714285715
0  0.8700520833333333 0.9176190476190477 0.08385416666666666 0.15333333333333332
0  0.7848958333333333 0.7999999999999999 0.078125 0.11999999999999998
0  0.7143229166666666 0.7476190476190475 0.06822916666666666 0.10476190476190476
0  0.6552083333333333 0.668095238095238 0.057291666666666706 0.08857142857142859
0  0.6106770833333334 0.600952380952381 0.05781250000000008 0.08380952380952378
0  0.34453125 0.38095238095238093 0.04114583333333334 0.055238095238095246
0  0.45442708333333337 0.4138095238095238 0.05052083333333331 0.06190476190476187
0  0.36093749999999997 0.8723809523809525 0.09999999999999996 0.1695238095238095
0  0.3302083333333333 0.7871428571428571 0.10520833333333332 0.11333333333333329
0  0.30364583333333334 0.7038095238095237 0.08437499999999999 0.10476190476190476
0  0.2911458333333333 0.6347619047619047 0.07604166666666666 0.08285714285714287
0  0.2966145833333333 0.3890476190476191 0.04218750000000001 0.05619047619047616
0  0.24401041666666665 0.30523809523809525 0.03385416666666668 0.048571428571428585
0  0.24140625000000002 0.2280952380952381 0.028645833333333353 0.04095238095238095
0  0.4104166666666667 0.3666666666666667 0.04999999999999995 0.049523809523809526
3  0.07421875 0.649047619047619 0.02239583333333333 0.09809523809523808
3  0.06692708333333333 0.29000000000000004 0.01197916666666666 0.04285714285714289
3  0.08984375 0.3314285714285714 0.015104166666666665 0.055238095238095246
0  0.49713541666666666 0.4766666666666667 0.046354166666666634 0.06380952380952383
0  0.5359375000000001 0.5095238095238095 0.055208333333333304 0.07809523809523806
0  0.5684895833333333 0.5533333333333333 0.0546875 0.06857142857142857
3  0.5768229166666666 0.6052380952380952 0.01302083333333329 0.08285714285714281