0  0.7158854166666667 0.7166666666666667 0.06406249999999998 0.0904761904761904
0  0.8690104166666668 0.9204761904761904 0.06927083333333339 0.141904761904762
0  0.6598958333333333 0.6542857142857142 0.057291666666666706 0.100952380952381
0  0.60546875 0.6076190476190476 0.06822916666666672 0.08
0  0.5739583333333333 0.5495238095238095 0.06041666666666672 0.08380952380952378
0  0.3453125 0.48714285714285716 0.04895833333333334 0.07714285714285715
0  0.34114583333333337 0.7847619047619048 0.09583333333333334 0.1447619047619048
0  0.3002604166666667 0.7152380952380952 0.08593750000000003 0.11238095238095244
0  0.4541666666666667 0.4228571428571429 0.04791666666666667 0.059047619047619015
0  0.3903645833333333 0.35047619047619044 0.049479166666666644 0.05333333333333336
0  0.5059895833333333 0.4785714285714286 0.05572916666666667 0.05999999999999999
3  0.9143229166666667 0.7552380952380953 0.017187500000000102 0.09142857142857139
3  0.9312500000000001 0.7395238095238094 0.014583333333333393 0.08857142857142859
3  0.16953125 0.9557142857142856 0.0234375 0.08857142857142859
3  0.14505208333333333 0.9547619047619048 0.021354166666666657 0.09047619047619053
3  0.07447916666666667 0.42523809523809525 0.013541666666666658 0.06761904761904759
3  0.06927083333333334 0.36238095238095236 0.011458333333333333 0.04857142857142855
3  0.7018229166666667 0.6338095238095238 0.011979166666666683 0.06952380952380947
0  0.19505208333333332 0.3238095238095238 0.06510416666666667 0.08000000000000004
0  0.34661458333333334 0.2914285714285714 0.03697916666666666 0.043809523809523805
0  0.4278645833333333 0.3819047619047619 0.05156250000000005 0.060952380952380966