0  0.45625 0.6871428571428572 0.08020833333333334 0.10952380952380951
0  0.37786458333333334 0.8847619047619047 0.14218749999999997 0.22095238095238098
0  0.9604166666666666 0.9466666666666667 0.07916666666666661 0.09904761904761905
0  0.2546875 0.32666666666666666 0.03749999999999999 0.060952380952380966
0  0.5338541666666667 0.5185714285714286 0.057291666666666644 0.07333333333333332
0  0.4265625 0.37952380952380954 0.046875 0.06571428571428571
0  0.44817708333333334 0.40857142857142853 0.05052083333333331 0.06476190476190473
0  0.47265625 0.43571428571428567 0.0546875 0.06571428571428571
0  0.5002604166666667 0.47428571428571425 0.05364583333333339 0.06666666666666668
0  0.3033854166666667 0.7185714285714286 0.08385416666666669 0.12666666666666668
0  0.22838541666666665 0.20047619047619047 0.026562499999999982 0.037142857142857144