3  0.08750000000000001 0.6990476190476189 0.015625 0.0819047619047619
3  0.7643229166666667 0.6361904761904762 0.013020833333333417 0.059047619047619015
3  0.7789062500000001 0.6347619047619047 0.010937500000000076 0.07523809523809533
3  0.08255208333333333 0.3890476190476191 0.011979166666666652 0.04666666666666667
3  0.08307291666666668 0.35047619047619044 0.010937499999999998 0.04571428571428569
3  0.09947916666666666 0.39000000000000007 0.012500000000000002 0.05238095238095238
3  0.34114583333333337 0.3323809523809524 0.008333333333333368 0.03619047619047614
0  0.3572916666666667 0.40809523809523807 0.04374999999999999 0.04476190476190472
0  0.4518229166666667 0.41523809523809524 0.059895833333333356 0.059047619047619015
0  0.5026041666666667 0.4704761904761905 0.053124999999999964 0.0723809523809524
0  0.6010416666666666 0.6028571428571429 0.06249999999999994 0.08
0  0.66015625 0.6566666666666666 0.06822916666666666 0.09238095238095236
0  0.7054687499999999 0.7300000000000001 0.07239583333333334 0.10571428571428575
0  0.7752604166666667 0.8085714285714286 0.09010416666666668 0.1161904761904762
0  0.85390625 0.9180952380952381 0.0796875000000001 0.13142857142857142
0  0.9703125000000001 0.9585714285714285 0.05937499999999992 0.06761904761904754
0  0.32890625000000007 0.7899999999999999 0.10260416666666668 0.15142857142857138
0  0.30078125 0.7085714285714285 0.09010416666666665 0.13142857142857142
0  0.5671875000000001 0.5595238095238095 0.054166666666666696 0.06761904761904759
0  0.5315104166666667 0.5223809523809523 0.048437499999999974 0.0580952380952381
0  0.228125 0.21571428571428572 0.024999999999999974 0.029523809523809508
0  0.31328125000000007 0.25666666666666665 0.032812500000000036 0.027619047619047623
0  0.3513020833333333 0.29571428571428576 0.03489583333333338 0.03714285714285718