0  0.6565104166666667 0.6566666666666666 0.061979166666666634 0.09809523809523821
0  0.72109375 0.729047619047619 0.07760416666666663 0.11523809523809524
0  0.7869791666666667 0.8157142857142857 0.07395833333333332 0.11714285714285719
0  0.8669270833333333 0.9166666666666667 0.07864583333333337 0.13619047619047617
0  0.36953125000000003 0.8909523809523809 0.11927083333333334 0.16476190476190475
0  0.3317708333333333 0.7785714285714286 0.08229166666666662 0.1380952380952381
0  0.3088541666666667 0.687142857142857 0.08854166666666671 0.12666666666666668
0  0.29739583333333336 0.6104761904761905 0.09687500000000002 0.08571428571428573
0  0.29036458333333337 0.2885714285714286 0.03281250000000001 0.049523809523809526
0  0.24739583333333334 0.23809523809523808 0.022916666666666665 0.04
0  0.23151041666666666 0.20428571428571432 0.020312499999999987 0.02952380952380954
0  0.5697916666666667 0.5619047619047619 0.057291666666666706 0.08380952380952378
0  0.5328125 0.5147619047619048 0.053124999999999964 0.05999999999999999
0  0.5036458333333333 0.47523809523809524 0.057291666666666644 0.0571428571428572
0  0.4755208333333334 0.43809523809523804 0.04791666666666667 0.04571428571428569
0  0.4518229166666667 0.41619047619047617 0.04010416666666667 0.04952380952380946
0  0.42135416666666664 0.39380952380952383 0.04791666666666667 0.05047619047619044
0  0.39401041666666664 0.3523809523809524 0.04218750000000001 0.041904761904761924
0  0.3388020833333334 0.27904761904761904 0.04218750000000001 0.041904761904761924
3  0.09140625000000001 0.589047619047619 0.020312500000000004 0.0866666666666667
3  0.10468750000000002 0.7128571428571429 0.01979166666666667 0.10761904761904757
3  0.12291666666666667 0.7147619047619048 0.01666666666666667 0.09809523809523808
3  0.07473958333333333 0.3628571428571429 0.008854166666666672 0.06285714285714285