0  0.35260416666666666 0.9085714285714285 0.10520833333333332 0.15809523809523807
0  0.3299479166666667 0.7880952380952381 0.08385416666666666 0.13047619047619058
0  0.31640625 0.6880952380952381 0.09843750000000002 0.14571428571428577
0  0.2911458333333333 0.6161904761904762 0.08749999999999998 0.09904761904761905
0  0.33203125 0.3595238095238095 0.046354166666666634 0.06380952380952383
0  0.24453125000000003 0.30666666666666664 0.030729166666666665 0.05333333333333336
0  0.2674479166666667 0.2733333333333333 0.03177083333333334 0.041904761904761924
0  0.21822916666666667 0.19476190476190475 0.018750000000000013 0.03333333333333334
0  0.33437500000000003 0.2733333333333333 0.057291666666666644 0.04571428571428569
0  0.3966145833333333 0.3442857142857143 0.045312500000000026 0.04857142857142855
0  0.44609375000000007 0.40904761904761905 0.05052083333333338 0.03523809523809523
0  0.7916666666666666 0.8071428571428572 0.08437500000000002 0.12095238095238095
0  0.865625 0.9000000000000001 0.07083333333333337 0.1257142857142857
0  0.71484375 0.7438095238095238 0.08177083333333332 0.09904761904761905
0  0.6567708333333334 0.6585714285714285 0.078125 0.10952380952380951
0  0.6117187499999999 0.6052380952380952 0.06822916666666666 0.08476190476190475
0  0.5705729166666667 0.5547619047619048 0.061979166666666634 0.08857142857142859
0  0.5341145833333333 0.5138095238095238 0.05260416666666666 0.06952380952380947
0  0.50390625 0.48142857142857143 0.04322916666666669 0.0580952380952381
0  0.47213541666666664 0.44666666666666666 0.044270833333333356 0.055238095238095246