0  0.49687500000000007 0.6366666666666667 0.07916666666666668 0.09619047619047613
0  0.6591145833333334 0.659047619047619 0.07760416666666663 0.11047619047619049
0  0.7125000000000001 0.75 0.08854166666666671 0.10190476190476185
0  0.7895833333333334 0.8085714285714286 0.078125 0.13142857142857142
0  0.8658854166666667 0.8952380952380953 0.07552083333333341 0.11999999999999998
0  0.35390625000000003 0.9080952380952381 0.10364583333333334 0.15714285714285708
0  0.33046875000000003 0.7933333333333332 0.08489583333333332 0.11809523809523816
0  0.31536458333333334 0.6904761904761905 0.10052083333333336 0.15238095238095234
0  0.2893229166666667 0.6176190476190476 0.08906249999999998 0.09619047619047619
0  0.3786458333333333 0.4547619047619048 0.046875 0.07714285714285708
0  0.4479166666666667 0.4123809523809524 0.04791666666666667 0.051428571428571476
0  0.4729166666666667 0.44476190476190475 0.04583333333333333 0.055238095238095246
0  0.5005208333333334 0.47761904761904767 0.054166666666666696 0.04095238095238095
0  0.53359375 0.51 0.05156249999999999 0.06380952380952383
0  0.56796875 0.5519047619047619 0.06822916666666666 0.07523809523809526
0  0.6085937499999999 0.5976190476190476 0.06197916666666676 0.06761904761904759
0  0.27473958333333337 0.2757142857142857 0.025520833333333343 0.04095238095238095
0  0.33645833333333336 0.27095238095238094 0.05833333333333338 0.056190476190476187
0  0.3971354166666667 0.3495238095238095 0.05677083333333328 0.055238095238095246