0  0.3674479166666667 0.4195238095238095 0.047395833333333366 0.06761904761904759
0  0.31406249999999997 0.32571428571428573 0.037499999999999964 0.03999999999999997
0  0.28463541666666664 0.2914285714285714 0.02968749999999996 0.03619047619047617
0  0.265625 0.2580952380952381 0.028124999999999987 0.04
0  0.23411458333333335 0.20809523809523808 0.02239583333333333 0.02952380952380954
0  0.3197916666666667 0.7080952380952381 0.08750000000000001 0.11333333333333341
0  0.36614583333333334 0.8866666666666667 0.08645833333333337 0.1638095238095238
0  0.8614583333333333 0.9033333333333333 0.07500000000000005 0.14571428571428566
0  0.7804687499999999 0.8109523809523809 0.07968749999999998 0.12095238095238095
0  0.7143229166666666 0.7299999999999999 0.07135416666666661 0.12095238095238095
0  0.6570312500000001 0.6538095238095237 0.060937500000000026 0.08666666666666664
0  0.6033854166666668 0.6076190476190476 0.059895833333333294 0.08
0  0.56953125 0.5542857142857143 0.05572916666666661 0.07619047619047617
0  0.503125 0.47095238095238096 0.0625 0.06761904761904759
0  0.47369791666666666 0.43809523809523804 0.045312500000000026 0.03809523809523815
0  0.45208333333333334 0.40904761904761905 0.056249999999999974 0.0504761904761905
0  0.42682291666666666 0.3823809523809524 0.05052083333333331 0.04857142857142855
0  0.3614583333333333 0.30619047619047624 0.040624999999999974 0.03523809523809523
3  0.12812500000000002 0.7719047619047619 0.02604166666666666 0.11904761904761914
3  0.1046875 0.7723809523809523 0.023958333333333335 0.11809523809523816
3  0.0734375 0.3304761904761905 0.015624999999999991 0.055238095238095246
3  0.6505208333333334 0.5423809523809524 0.017708333333333343 0.09238095238095242
0  0.29244791666666664 0.6142857142857142 0.0942708333333333 0.0933333333333334