0  0.4395833333333333 0.5342857142857144 0.056249999999999974 0.08761904761904768
0  0.6588541666666667 0.66 0.078125 0.11999999999999998
0  0.36276041666666664 0.8733333333333333 0.1098958333333333 0.1980952380952381
0  0.8742187499999999 0.8814285714285715 0.06718749999999993 0.1323809523809524
0  0.29296875 0.6352380952380953 0.09427083333333333 0.12761904761904766
0  0.47552083333333334 0.4328571428571429 0.04479166666666666 0.06000000000000005
0  0.50078125 0.47333333333333333 0.0546875 0.07047619047619046
0  0.5377604166666667 0.5090476190476191 0.0546875 0.06952380952380954
0  0.3270833333333334 0.26761904761904765 0.036458333333333356 0.04761904761904761
0  0.22109375000000003 0.25999999999999995 0.028645833333333322 0.06095238095238093
3  0.14479166666666668 0.6804761904761906 0.020833333333333322 0.0942857142857143