3  0.16197916666666665 0.8142857142857143 0.027083333333333348 0.11999999999999998
0  0.5158854166666667 0.7904761904761904 0.11614583333333332 0.18285714285714277
0  0.7140624999999999 0.7252380952380951 0.07604166666666666 0.14380952380952383
0  0.3622395833333334 0.8923809523809523 0.10677083333333336 0.1695238095238095
0  0.3010416666666667 0.7119047619047619 0.08333333333333333 0.1342857142857142
0  0.3809895833333333 0.5580952380952381 0.059895833333333294 0.11238095238095237
0  0.45052083333333337 0.41714285714285715 0.0625 0.08380952380952385
0  0.5018229166666667 0.47523809523809524 0.05260416666666666 0.06666666666666668
0  0.5333333333333333 0.5071428571428571 0.05833333333333331 0.06952380952380954
0  0.5697916666666667 0.5538095238095238 0.06145833333333339 0.07714285714285715
0  0.6109375000000001 0.5957142857142858 0.057291666666666706 0.08095238095238091
0  0.2502604166666667 0.29523809523809524 0.04114583333333334 0.06476190476190477
0  0.6539062500000001 0.6585714285714285 0.059895833333333294 0.08666666666666664