0  0.45468749999999997 0.6880952380952381 0.07395833333333338 0.1476190476190476
0  0.36328125 0.891904761904762 0.12343750000000002 0.16476190476190475
0  0.32421875 0.78 0.0869791666666667 0.13523809523809532
0  0.30338541666666663 0.689047619047619 0.08802083333333331 0.12857142857142861
0  0.8664062499999999 0.9038095238095237 0.08489583333333339 0.14095238095238102
0  0.7854166666666667 0.8119047619047619 0.06979166666666663 0.11714285714285719
0  0.7190104166666667 0.7276190476190477 0.07135416666666673 0.11238095238095232
0  0.6598958333333333 0.660952380952381 0.06041666666666666 0.1161904761904762
0  0.5713541666666667 0.5585714285714285 0.06458333333333334 0.08666666666666664
0  0.5338541666666667 0.5199999999999999 0.046875 0.05904761904761908
0  0.4997395833333333 0.4780952380952381 0.05885416666666662 0.06666666666666668
0  0.45234375 0.4147619047619048 0.046354166666666634 0.05619047619047622
0  0.42083333333333334 0.39333333333333326 0.046875 0.04761904761904764
0  0.3934895833333334 0.3523809523809524 0.04010416666666667 0.04571428571428569
0  0.3416666666666667 0.2733333333333333 0.039583333333333304 0.0361904761904762
0  0.23932291666666666 0.29523809523809524 0.027604166666666683 0.03809523809523812
0  0.2971354166666667 0.6076190476190476 0.09635416666666671 0.09904761904761898
0  0.22395833333333334 0.19999999999999998 0.022916666666666665 0.043809523809523805
3  0.08776041666666666 0.9442857142857142 0.033854166666666664 0.11142857142857146
3  0.07968750000000001 0.49000000000000005 0.013541666666666674 0.06571428571428571
3  0.11875000000000001 0.49952380952380954 0.01666666666666667 0.06190476190476194
3  0.07708333333333332 0.3647619047619048 0.011458333333333333 0.04571428571428569
3  0.10520833333333335 0.47000000000000003 0.011458333333333333 0.06190476190476194
3  0.7802083333333334 0.7233333333333334 0.019791666666666683 0.1038095238095238