3  0.06927083333333334 0.5295238095238095 0.012500000000000002 0.0723809523809524
3  0.08307291666666668 0.5242857142857142 0.011979166666666667 0.07904761904761903
3  0.09661458333333332 0.5271428571428571 0.011979166666666667 0.08095238095238091
3  0.10859375000000002 0.5266666666666666 0.011979166666666667 0.07428571428571429
3  0.11901041666666666 0.5242857142857142 0.013020833333333339 0.08476190476190475
3  0.11796875 0.9576190476190476 0.02447916666666667 0.08476190476190482
3  0.5968749999999999 0.4466666666666667 0.009374999999999975 0.07047619047619051
3  0.4356770833333333 0.33190476190476187 0.008854166666666672 0.0504761904761905
3  0.48046875 0.4914285714285715 0.014062500000000025 0.06857142857142857
0  0.4236979166666667 0.508095238095238 0.059895833333333356 0.09619047619047619
0  0.3489583333333333 0.8733333333333333 0.11458333333333336 0.18666666666666668
0  0.3234375 0.777142857142857 0.09583333333333334 0.13523809523809519
0  0.31145833333333334 0.6919047619047619 0.09999999999999999 0.15714285714285722
0  0.7195312500000001 0.7276190476190477 0.0859375 0.1161904761904762
0  0.7830729166666667 0.8209523809523809 0.0703125 0.11428571428571425
0  0.8580729166666666 0.9157142857142857 0.07968749999999998 0.1342857142857142
0  0.9606770833333333 0.9604761904761904 0.06718749999999993 0.0790476190476191
0  0.6531250000000001 0.6576190476190477 0.06979166666666663 0.09619047619047626
0  0.6145833333333334 0.6014285714285714 0.06979166666666677 0.09238095238095236
0  0.5666666666666667 0.550952380952381 0.07083333333333337 0.10190476190476185
0  0.53046875 0.5242857142857142 0.04218749999999995 0.06190476190476194
0  0.284375 0.3761904761904762 0.03541666666666669 0.06666666666666668
0  0.346875 0.3961904761904762 0.04375000000000005 0.08380952380952385
0  0.43463541666666666 0.38761904761904764 0.047395833333333366 0.043809523809523805
0  0.4473958333333333 0.41619047619047617 0.04479166666666666 0.04571428571428569
0  0.23645833333333335 0.28380952380952384 0.03333333333333334 0.04380952380952384
0  0.2260416666666667 0.2061904761904762 0.025000000000000005 0.03333333333333334
0  0.3072916666666667 0.29190476190476194 0.036458333333333356 0.042857142857142864
0  0.3614583333333333 0.30523809523809525 0.046875 0.05428571428571427