0  0.8614583333333333 0.8980952380952382 0.07500000000000005 0.11428571428571425
0  0.7841145833333334 0.8138095238095238 0.07343749999999995 0.11523809523809524
0  0.9695312500000001 0.97 0.060937500000000026 0.05999999999999999
0  0.31354166666666666 0.7152380952380952 0.10312499999999998 0.11999999999999998
0  0.5015625 0.47047619047619044 0.057291666666666644 0.05904761904761908
0  0.5669270833333334 0.5557142857142857 0.05885416666666669 0.07142857142857137
0  0.6046874999999999 0.610952380952381 0.06145833333333339 0.06761904761904766
0  0.6591145833333334 0.6523809523809524 0.061979166666666634 0.08952380952380956
0  0.7161458333333334 0.7295238095238095 0.07499999999999993 0.11238095238095244
0  0.4723958333333333 0.44333333333333336 0.046875 0.05428571428571427
0  0.4481770833333334 0.40714285714285714 0.046354166666666696 0.05428571428571427
0  0.42265625000000007 0.38571428571428573 0.049479166666666644 0.06285714285714285
0  0.3630208333333333 0.3095238095238095 0.04374999999999999 0.038095238095238085
0  0.2421875 0.22904761904761908 0.029166666666666657 0.042857142857142864
0  0.2869791666666667 0.6185714285714285 0.08854166666666667 0.09619047619047626
3  0.07734375 0.7447619047619047 0.023437499999999993 0.09904761904761905
3  0.5018229166666667 0.3595238095238095 0.008854166666666672 0.05238095238095238