0  0.33671875000000007 0.37 0.04010416666666667 0.04666666666666667
0  0.56875 0.5604761904761906 0.053124999999999964 0.06952380952380954
0  0.6588541666666667 0.6561904761904762 0.06562499999999995 0.09142857142857139
0  0.7052083333333333 0.7304761904761905 0.07708333333333327 0.10285714285714295
0  0.7739583333333334 0.8138095238095239 0.0843749999999999 0.11142857142857146
0  0.8567708333333334 0.9161904761904763 0.07395833333333345 0.13714285714285715
0  0.9695312500000001 0.9580952380952381 0.060937500000000026 0.07428571428571436
0  0.33046875000000003 0.7876190476190477 0.09427083333333337 0.14857142857142858
0  0.3067708333333333 0.7000000000000001 0.08437500000000002 0.1295238095238096
0  0.45234375 0.41285714285714287 0.05781249999999995 0.05999999999999999
0  0.5015625 0.47333333333333333 0.053124999999999964 0.05714285714285713
0  0.5317708333333334 0.5233333333333333 0.053125000000000026 0.0580952380952381
0  0.3111979166666667 0.2566666666666667 0.03593749999999999 0.025714285714285707
0  0.3526041666666667 0.2938095238095238 0.03437500000000001 0.040952380952380976
0  0.39557291666666666 0.34380952380952373 0.04322916666666669 0.051428571428571414
3  0.10130208333333333 0.37238095238095237 0.008854166666666672 0.04571428571428569
3  0.9005208333333333 0.7647619047619048 0.019791666666666683 0.0819047619047619
3  0.9356770833333334 0.7466666666666667 0.017187499999999974 0.0819047619047619
3  0.6596354166666666 0.5285714285714286 0.014062500000000025 0.06857142857142857
3  0.4875 0.3485714285714286 0.008333333333333368 0.041904761904761854
3  0.47343750000000007 0.35095238095238096 0.007291666666666696 0.0504761904761905
3  0.06744791666666668 0.31047619047619046 0.01197916666666666 0.043809523809523805
3  0.34869791666666666 0.22619047619047622 0.0057291666666666585 0.037142857142857144