1  0.4705729166666667 0.6676190476190477 0.14635416666666665 0.3028571428571429
0  0.7151041666666667 0.7128571428571429 0.06562499999999995 0.119047619047619
0  0.5710937500000001 0.5457142857142857 0.06927083333333332 0.11238095238095232
0  0.9690104166666667 0.9542857142857143 0.061979166666666634 0.08571428571428578
0  0.36223958333333334 0.8852380952380953 0.10989583333333337 0.18380952380952373
0  0.30312500000000003 0.7147619047619047 0.07291666666666664 0.11523809523809524
0  0.29739583333333336 0.6257142857142857 0.09270833333333332 0.11047619047619049
0  0.43020833333333336 0.38523809523809527 0.05833333333333331 0.05428571428571427
0  0.47343750000000007 0.4385714285714286 0.05937499999999999 0.06761904761904759
0  0.5268229166666667 0.508095238095238 0.0546875 0.06571428571428571
0  0.4080729166666667 0.3647619047619048 0.044270833333333356 0.05333333333333336