3  0.15182291666666667 0.9480952380952381 0.02239583333333333 0.10190476190476185
3  0.1953125 0.9419047619047619 0.029166666666666657 0.10666666666666672
3  0.09375 0.559047619047619 0.014583333333333328 0.05904761904761908
3  0.6940104166666666 0.5795238095238096 0.01302083333333329 0.06952380952380947
3  0.6309895833333333 0.4766666666666667 0.008854166666666734 0.06000000000000005
3  0.6408854166666667 0.4704761904761905 0.010937499999999949 0.055238095238095246
0  0.42630208333333336 0.6323809523809523 0.07343750000000002 0.10476190476190476
0  0.33932291666666664 0.4695238095238095 0.048437500000000036 0.0571428571428572
0  0.4026041666666667 0.45095238095238094 0.05833333333333331 0.07142857142857142
0  0.2546875 0.32142857142857145 0.03437499999999998 0.0504761904761905
0  0.2557291666666667 0.24285714285714288 0.023958333333333335 0.03428571428571429
3  0.328125 0.35571428571428576 0.014583333333333328 0.04857142857142861
0  0.6361979166666666 0.9685714285714285 0.0859375 0.06285714285714292
0  0.8682291666666667 0.9185714285714285 0.07916666666666661 0.1476190476190476
0  0.7833333333333333 0.8095238095238094 0.09062500000000005 0.1295238095238096
0  0.7164062500000001 0.7342857142857143 0.06822916666666666 0.10666666666666672
0  0.6593749999999999 0.6542857142857142 0.06666666666666655 0.100952380952381
0  0.5705729166666667 0.5533333333333333 0.06510416666666664 0.09333333333333334
0  0.47604166666666664 0.44571428571428573 0.052083333333333356 0.060952380952380966
0  0.3731770833333333 0.889047619047619 0.13697916666666668 0.2104761904761905
3  0.5854166666666666 0.43571428571428567 0.011458333333333317 0.03714285714285718