0  0.7127604166666667 0.7080952380952381 0.061979166666666634 0.1419047619047619
0  0.5713541666666667 0.5499999999999999 0.0697916666666667 0.11523809523809517
0  0.5236979166666667 0.5123809523809524 0.05260416666666666 0.07238095238095234
0  0.4768229166666667 0.440952380952381 0.06927083333333339 0.07619047619047624
0  0.4296875 0.3871428571428571 0.057291666666666644 0.07142857142857142
0  0.40677083333333336 0.36 0.04270833333333331 0.047619047619047575
0  0.3033854166666667 0.7076190476190476 0.08072916666666664 0.11428571428571425
0  0.35989583333333336 0.891904761904762 0.11250000000000002 0.19904761904761908
0  0.2971354166666667 0.6290476190476191 0.08906249999999998 0.10952380952380965
0  0.9661458333333334 0.9547619047619048 0.06770833333333329 0.08857142857142859
3  0.07395833333333333 0.29095238095238096 0.013541666666666658 0.05428571428571427