3  0.56171875 0.6052380952380952 0.011979166666666683 0.08285714285714281
3  0.5770833333333333 0.6071428571428571 0.013541666666666658 0.08857142857142852
3  0.14192708333333331 0.7999999999999999 0.026562499999999996 0.11047619047619049
3  0.1125 0.8080952380952381 0.023958333333333335 0.10952380952380951
3  0.08020833333333334 0.6471428571428571 0.022916666666666672 0.1038095238095238
0  0.6880208333333334 0.8295238095238096 0.07083333333333337 0.14666666666666675
0  0.7843749999999999 0.8019047619047619 0.08437500000000002 0.12761904761904752
0  0.8721354166666667 0.9185714285714285 0.08072916666666671 0.14571428571428577
0  0.6119791666666666 0.6038095238095238 0.06041666666666666 0.07238095238095246
0  0.5338541666666667 0.5085714285714286 0.055208333333333304 0.0723809523809524
0  0.5015625 0.47904761904761906 0.046875 0.05904761904761908
0  0.4526041666666667 0.41619047619047617 0.053125000000000026 0.05904761904761908
0  0.36562500000000003 0.41809523809523813 0.04791666666666667 0.06476190476190473
0  0.2776041666666667 0.390952380952381 0.03645833333333332 0.05999999999999999
0  0.265625 0.2642857142857143 0.026041666666666678 0.035238095238095256
0  0.23854166666666668 0.21571428571428572 0.022916666666666665 0.029523809523809508
0  0.3072916666666667 0.6995238095238095 0.0854166666666667 0.11333333333333329
0  0.33359374999999997 0.7823809523809524 0.10052083333333332 0.1038095238095238
0  0.3609375 0.8723809523809525 0.09583333333333334 0.1695238095238095
0  0.29635416666666664 0.6261904761904761 0.06145833333333333 0.08095238095238104