0  0.3635416666666667 0.5095238095238095 0.055208333333333366 0.07619047619047624
0  0.6203124999999999 0.6028571428571429 0.03958333333333324 0.08190476190476195
0  0.5945312500000001 0.9133333333333333 0.12239583333333329 0.17333333333333328
0  0.2885416666666667 0.37333333333333335 0.033333333333333375 0.08
0  0.43359375 0.3904761904761905 0.04322916666666669 0.045714285714285756
0  0.47734375000000007 0.44666666666666666 0.05572916666666667 0.055238095238095246
0  0.5013020833333334 0.47714285714285715 0.044270833333333294 0.04761904761904764
0  0.5320312500000001 0.5004761904761905 0.060937499999999964 0.0504761904761905
0  0.56875 0.5514285714285714 0.078125 0.08952380952380944
0  0.3338541666666667 0.7838095238095237 0.09791666666666665 0.14285714285714285
0  0.3653645833333333 0.8976190476190476 0.12031249999999995 0.15904761904761905
0  0.29791666666666666 0.6419047619047619 0.09375 0.11999999999999998
0  0.26171875 0.48142857142857143 0.05156250000000002 0.07714285714285715
0  0.24635416666666668 0.3028571428571429 0.03020833333333333 0.05333333333333333
0  0.3489583333333333 0.2914285714285714 0.05000000000000001 0.045714285714285756
0  0.33125 0.25857142857142856 0.036458333333333294 0.031428571428571424
3  0.10651041666666668 0.5576190476190476 0.020312499999999987 0.07904761904761903
3  0.08307291666666668 0.5661904761904762 0.017187500000000005 0.08666666666666664