3  0.10364583333333334 0.6676190476190477 0.02083333333333334 0.0819047619047619
3  0.5812499999999999 0.43 0.01041666666666671 0.04476190476190472
3  0.5963541666666666 0.43476190476190474 0.013541666666666658 0.06190476190476187
3  0.07942708333333334 0.37714285714285717 0.014062499999999993 0.043809523809523805
0  0.4861979166666667 0.7433333333333333 0.0786458333333333 0.1342857142857142
0  0.86171875 0.9076190476190477 0.07864583333333337 0.13714285714285715
0  0.7833333333333333 0.8171428571428571 0.078125 0.13333333333333336
0  0.7171875 0.7295238095238095 0.07916666666666673 0.11999999999999998
0  0.65859375 0.6528571428571429 0.06718750000000005 0.09809523809523808
0  0.5703125 0.5542857142857143 0.05833333333333331 0.06857142857142857
0  0.32317708333333334 0.4361904761904762 0.047395833333333366 0.0723809523809524
0  0.2734375 0.36238095238095236 0.038541666666666634 0.05619047619047622
0  0.24036458333333335 0.28952380952380957 0.030729166666666696 0.04380952380952384
0  0.4268229166666667 0.38571428571428573 0.05156249999999999 0.06285714285714285
0  0.50234375 0.46761904761904766 0.05677083333333334 0.060952380952380966
0  0.4765625 0.4476190476190477 0.057291666666666644 0.06285714285714285
0  0.31302083333333336 0.7176190476190476 0.09999999999999996 0.14000000000000007
0  0.6044270833333333 0.6157142857142857 0.06718749999999993 0.08285714285714287
0  0.45078124999999997 0.4142857142857143 0.05052083333333338 0.06285714285714285
0  0.3625 0.30809523809523803 0.04479166666666666 0.04095238095238095