0  0.5713541666666667 0.7133333333333335 0.10624999999999993 0.1390476190476191
0  0.8614583333333333 0.9019047619047619 0.07395833333333332 0.12952380952380946
0  0.5848958333333333 0.9257142857142858 0.10624999999999993 0.14857142857142858
0  0.3984375 0.5757142857142857 0.05937499999999999 0.09238095238095242
0  0.3122395833333334 0.7133333333333335 0.09739583333333335 0.1257142857142857
0  0.28802083333333334 0.62 0.08645833333333333 0.09333333333333334
0  0.36328125 0.3071428571428571 0.04010416666666667 0.050476190476190466
0  0.5028645833333334 0.4766666666666667 0.05781250000000001 0.05619047619047616
0  0.44921875 0.4066666666666667 0.05260416666666666 0.053333333333333295
0  0.56875 0.5557142857142857 0.057291666666666644 0.07333333333333332
0  0.6057291666666667 0.6119047619047618 0.06354166666666673 0.07142857142857142
0  0.6580729166666667 0.6523809523809524 0.06302083333333337 0.08952380952380956
0  0.7161458333333334 0.7261904761904763 0.07291666666666671 0.10761904761904757
0  0.7815104166666667 0.8214285714285714 0.07447916666666668 0.11523809523809524
3  0.11380208333333333 0.8280952380952381 0.025520833333333343 0.10761904761904757
3  0.20703125 0.9738095238095238 0.02447916666666667 0.05238095238095232