3  0.8919270833333334 0.7557142857142857 0.011979166666666556 0.09809523809523821
3  0.9093749999999999 0.7542857142857143 0.014583333333333393 0.08761904761904761
3  0.9294270833333333 0.7852380952380952 0.010937500000000076 0.09809523809523808
3  0.6182291666666667 0.46761904761904766 0.015625 0.059047619047619015
3  0.08854166666666667 0.33190476190476187 0.012500000000000002 0.04476190476190478
3  0.07421875 0.3352380952380952 0.013020833333333324 0.059047619047619015
0  0.56796875 0.5585714285714286 0.05260416666666666 0.07714285714285708
0  0.659375 0.6533333333333333 0.0625 0.08761904761904761
0  0.7059895833333333 0.7285714285714285 0.07343750000000007 0.09904761904761905
0  0.63515625 0.8042857142857143 0.09739583333333332 0.11523809523809524
0  0.7742187500000001 0.8080952380952381 0.08906249999999995 0.11142857142857146
0  0.8544270833333333 0.9180952380952381 0.07239583333333334 0.12380952380952388
0  0.9708333333333334 0.9647619047619048 0.056249999999999974 0.07047619047619046
0  0.5317708333333334 0.5228571428571429 0.052083333333333356 0.05333333333333336
0  0.50234375 0.47285714285714286 0.0546875 0.06761904761904766
0  0.23541666666666666 0.2204761904761905 0.019791666666666683 0.031428571428571424
0  0.35208333333333336 0.2938095238095238 0.041666666666666644 0.04857142857142855
0  0.31354166666666666 0.2552380952380952 0.03125 0.030476190476190483
0  0.45390625000000007 0.4138095238095238 0.05572916666666667 0.06571428571428571
0  0.39531250000000007 0.34809523809523807 0.04374999999999999 0.05619047619047616
0  0.33203125 0.7876190476190477 0.09218750000000002 0.1504761904761905
0  0.3049479166666667 0.7000000000000001 0.0859375 0.12761904761904766
3  0.7911458333333333 0.6147619047619047 0.010416666666666583 0.07333333333333325