0  0.5828125000000001 0.75 0.08333333333333329 0.11142857142857134
0  0.3625 0.5176190476190475 0.053125000000000026 0.09809523809523814
0  0.4005208333333333 0.47000000000000003 0.054166666666666634 0.07714285714285715
0  0.26276041666666666 0.36238095238095236 0.03802083333333333 0.06190476190476194
0  0.3690104166666667 0.8866666666666667 0.11406249999999998 0.14095238095238102
0  0.325 0.7804761904761904 0.08854166666666667 0.13428571428571434
0  0.30364583333333334 0.6947619047619048 0.08437499999999999 0.11523809523809524
0  0.29583333333333334 0.6119047619047618 0.08645833333333333 0.08285714285714287
0  0.7833333333333333 0.8357142857142856 0.07500000000000005 0.12095238095238095
0  0.8666666666666666 0.9042857142857142 0.08020833333333334 0.12095238095238095
0  0.6559895833333333 0.6561904761904762 0.059895833333333294 0.09714285714285723
0  0.72109375 0.7328571428571429 0.07760416666666663 0.11523809523809524
0  0.56875 0.5614285714285714 0.057291666666666644 0.07523809523809526
0  0.5346354166666666 0.5199999999999999 0.04218750000000001 0.06285714285714285
0  0.49921875 0.48142857142857143 0.059895833333333294 0.06571428571428571
0  0.47395833333333337 0.43666666666666665 0.054166666666666634 0.04666666666666667
0  0.41953124999999997 0.39428571428571424 0.04322916666666662 0.04380952380952387
0  0.39114583333333336 0.3538095238095238 0.036458333333333356 0.03714285714285711
0  0.3401041666666667 0.2785714285714286 0.038541666666666634 0.033333333333333375
3  0.11302083333333335 0.5776190476190476 0.018749999999999996 0.08095238095238104
3  0.9533854166666667 0.7671428571428571 0.025520833333333343 0.10571428571428575