0  0.6611979166666667 0.6633333333333333 0.0859375 0.12666666666666668
0  0.8679687500000001 0.8985714285714286 0.07656250000000002 0.15904761904761905
0  0.3635416666666667 0.878095238095238 0.11145833333333334 0.20000000000000004
0  0.3 0.6361904761904762 0.09375 0.12952380952380946
0  0.5385416666666666 0.5119047619047619 0.057291666666666644 0.07333333333333332
0  0.5018229166666667 0.4766666666666667 0.05572916666666667 0.07714285714285708
0  0.4763020833333333 0.44 0.05781250000000001 0.060952380952380966
0  0.32708333333333334 0.26857142857142857 0.040624999999999974 0.043809523809523805
0  0.24270833333333333 0.3633333333333333 0.05000000000000001 0.04666666666666667
3  0.09322916666666667 0.48761904761904756 0.02083333333333334 0.07619047619047624
3  0.07604166666666666 0.4861904761904762 0.018749999999999996 0.08666666666666664