3  0.09921875000000001 0.36238095238095236 0.013020833333333339 0.06571428571428571
0  0.5033854166666667 0.7719047619047619 0.09010416666666668 0.17619047619047606
0  0.7367187499999999 0.9357142857142857 0.13489583333333335 0.12857142857142861
0  0.37994791666666666 0.5647619047619047 0.059895833333333294 0.10857142857142854
0  0.5651041666666667 0.5519047619047619 0.07395833333333338 0.09999999999999996
0  0.5338541666666667 0.5038095238095238 0.05937499999999999 0.07238095238095234
0  0.5049479166666667 0.4785714285714286 0.0546875 0.0504761904761905
0  0.47500000000000003 0.45000000000000007 0.056249999999999974 0.05238095238095238
0  0.4317708333333333 0.3895238095238095 0.04375000000000005 0.04761904761904764
0  0.41067708333333336 0.36619047619047623 0.04218750000000001 0.04666666666666667
0  0.3893229166666667 0.3428571428571429 0.05260416666666672 0.05714285714285713
0  0.34843750000000007 0.29333333333333333 0.05000000000000001 0.049523809523809526
0  0.3278645833333333 0.2590476190476191 0.033854166666666644 0.028571428571428564
0  0.33359374999999997 0.7838095238095237 0.09635416666666664 0.13523809523809519
0  0.36562500000000003 0.8947619047619048 0.12083333333333332 0.17047619047619048
0  0.28828125 0.6414285714285715 0.09531250000000001 0.13047619047619044
0  0.2596354166666667 0.48142857142857143 0.05156250000000002 0.06952380952380954
1  0.23619791666666665 0.2923809523809524 0.054687500000000035 0.08761904761904764