3  0.11484375000000001 0.889047619047619 0.03697916666666666 0.13047619047619044
3  0.07890625 0.9180952380952381 0.02760416666666666 0.13142857142857142
3  0.08411458333333334 0.35047619047619044 0.014062500000000009 0.060952380952380904
3  0.07317708333333332 0.3552380952380952 0.010937499999999998 0.06857142857142857
0  0.40572916666666664 0.6171428571428572 0.06354166666666668 0.10285714285714283
0  0.5130208333333334 0.8200000000000001 0.10416666666666671 0.18666666666666668
0  0.85703125 0.9047619047619049 0.0859375 0.1295238095238096
0  0.35104166666666664 0.8685714285714285 0.10833333333333332 0.17714285714285719
0  0.6546875 0.6480952380952382 0.07500000000000005 0.08857142857142859
0  0.6124999999999999 0.5976190476190476 0.07395833333333345 0.07714285714285708
0  0.56640625 0.5519047619047619 0.0703125 0.0904761904761904
0  0.5005208333333334 0.4747619047619048 0.054166666666666696 0.07142857142857142
0  0.33359374999999997 0.45 0.05572916666666667 0.08857142857142859
0  0.3302083333333333 0.7590476190476191 0.09062500000000002 0.100952380952381
0  0.30364583333333334 0.6957142857142857 0.07604166666666666 0.08476190476190482
0  0.2799479166666667 0.6352380952380953 0.06822916666666669 0.08380952380952385
0  0.7799479166666666 0.8195238095238094 0.06822916666666666 0.119047619047619
0  0.96328125 0.9538095238095238 0.07343749999999995 0.08476190476190482
0  0.26510416666666664 0.3252380952380952 0.03229166666666667 0.04476190476190472
0  0.29140625000000003 0.37666666666666665 0.039062500000000035 0.06571428571428571
0  0.23229166666666665 0.27619047619047615 0.02916666666666669 0.05523809523809521
0  0.3080729166666667 0.2542857142857143 0.025520833333333343 0.028571428571428564
0  0.421875 0.38333333333333336 0.07187499999999998 0.06000000000000005