0  0.7809895833333333 0.8223809523809523 0.07343750000000007 0.10952380952380951
0  0.8562500000000001 0.9119047619047619 0.08333333333333329 0.12476190476190485
0  0.7151041666666667 0.7266666666666666 0.09062500000000005 0.13523809523809519
0  0.6518229166666666 0.6561904761904762 0.06406249999999998 0.08380952380952385
0  0.6124999999999999 0.6080952380952381 0.07083333333333323 0.09238095238095242
0  0.5684895833333333 0.5542857142857143 0.061979166666666634 0.09142857142857144
0  0.5265625 0.5190476190476191 0.046875 0.0571428571428572
0  0.4994791666666667 0.4819047619047619 0.056249999999999974 0.07238095238095234
0  0.4486979166666667 0.41523809523809524 0.04322916666666669 0.040000000000000036
0  0.41067708333333336 0.36952380952380953 0.03802083333333333 0.04380952380952387
0  0.3934895833333334 0.3390476190476191 0.044270833333333356 0.038095238095238085
0  0.31302083333333336 0.5042857142857143 0.054166666666666696 0.07904761904761903
0  0.34895833333333337 0.8766666666666667 0.11979166666666671 0.17809523809523803
0  0.3231770833333334 0.7876190476190477 0.09114583333333336 0.1295238095238096
0  0.3143229166666667 0.6947619047619048 0.09739583333333332 0.1323809523809524
3  0.3338541666666667 0.3180952380952381 0.012499999999999987 0.059047619047619015
3  0.10364583333333334 0.4714285714285714 0.013541666666666674 0.05714285714285713
3  0.07968750000000001 0.4419047619047619 0.010416666666666661 0.053333333333333295
0  0.9653645833333334 0.9580952380952381 0.06927083333333327 0.07809523809523812