3  0.6960937500000001 0.5852380952380952 0.02031250000000005 0.05999999999999999
0  0.5104166666666667 0.7842857142857144 0.08958333333333338 0.15904761904761905
0  0.5325520833333334 0.5123809523809524 0.0546875 0.06666666666666662
0  0.7151041666666667 0.7076190476190476 0.05937500000000005 0.13523809523809519
0  0.9664062500000001 0.9495238095238095 0.06718749999999993 0.09142857142857139
0  0.4294270833333333 0.3842857142857143 0.05572916666666667 0.06190476190476194
0  0.40546875 0.35809523809523813 0.0390625 0.04571428571428569
0  0.29453124999999997 0.6352380952380953 0.09010416666666665 0.12380952380952374
2  0.30234374999999997 0.309047619047619 0.05677083333333331 0.11333333333333336
2  0.2619791666666667 0.23666666666666666 0.04999999999999998 0.08285714285714287
0  0.22500000000000003 0.19428571428571426 0.020833333333333322 0.04