3  0.14505208333333333 0.8447619047619048 0.02760416666666667 0.10476190476190476
3  0.15598958333333332 0.7723809523809523 0.015104166666666665 0.06476190476190487
3  0.17057291666666669 0.7533333333333333 0.020312499999999987 0.10285714285714295
0  0.49062500000000003 0.7652380952380952 0.08645833333333337 0.16095238095238099
0  0.5653645833333333 0.5657142857142857 0.05572916666666661 0.07428571428571422
0  0.6106770833333334 0.6052380952380952 0.06302083333333323 0.0790476190476191
0  0.65859375 0.659047619047619 0.0640625000000001 0.09523809523809515
0  0.7184895833333333 0.7252380952380951 0.06822916666666666 0.11333333333333341
0  0.7783854166666667 0.819047619047619 0.06822916666666666 0.13333333333333336
0  0.8739583333333333 0.9276190476190476 0.07187499999999998 0.14285714285714285
0  0.9619791666666667 0.9614285714285715 0.06770833333333329 0.07714285714285715
0  0.3671875 0.8942857142857142 0.125 0.19238095238095237
0  0.5356770833333334 0.5090476190476191 0.05885416666666669 0.06571428571428571
0  0.5041666666666667 0.47333333333333333 0.04999999999999995 0.060952380952380966
0  0.2893229166666667 0.31190476190476196 0.030729166666666665 0.04095238095238095
0  0.3252604166666667 0.2676190476190476 0.04010416666666667 0.03999999999999997
0  0.47578125 0.43476190476190474 0.05260416666666666 0.05238095238095238
0  0.4453125 0.4195238095238095 0.03541666666666669 0.04476190476190478
0  0.43489583333333337 0.3880952380952381 0.038541666666666634 0.03333333333333334
0  0.41015625 0.3623809523809524 0.04218750000000001 0.04095238095238095