3  0.5411458333333333 0.44571428571428573 0.01041666666666671 0.05333333333333336
3  0.6124999999999999 0.4847619047619048 0.009374999999999975 0.06857142857142857
3  0.6578125 0.5204761904761905 0.011458333333333317 0.06761904761904759
3  0.8901041666666666 0.7495238095238095 0.012499999999999924 0.09523809523809527
3  0.9044270833333333 0.7495238095238095 0.010937499999999949 0.09714285714285723
3  0.08020833333333334 0.40238095238095234 0.009374999999999991 0.05047619047619044
3  0.09296875 0.3976190476190476 0.015104166666666665 0.0580952380952381
3  0.06796875 0.3966666666666666 0.009895833333333326 0.04666666666666667
0  0.7567708333333333 0.9623809523809523 0.12291666666666666 0.0752380952380952
0  0.8552083333333333 0.9147619047619048 0.078125 0.11904761904761914
0  0.9734375000000001 0.9600000000000001 0.053125000000000026 0.0685714285714285
0  0.7744791666666667 0.8152380952380953 0.08749999999999998 0.10857142857142854
0  0.7052083333333333 0.7285714285714285 0.07395833333333332 0.09523809523809527
0  0.6598958333333333 0.6604761904761904 0.06458333333333334 0.09809523809523808
0  0.5684895833333333 0.5614285714285714 0.05364583333333327 0.06380952380952383
0  0.5330729166666667 0.5238095238095238 0.05052083333333338 0.06857142857142857
0  0.50390625 0.4719047619047619 0.05156249999999999 0.05999999999999999
0  0.4528645833333333 0.41809523809523813 0.05781250000000001 0.060952380952380966
0  0.39557291666666666 0.34380952380952384 0.044270833333333294 0.043809523809523805
0  0.3515625 0.29190476190476194 0.036458333333333356 0.03904761904761906
0  0.31093750000000003 0.33380952380952383 0.03229166666666667 0.039047619047619
0  0.2833333333333333 0.37857142857142856 0.037500000000000026 0.06571428571428571
0  0.22421875 0.2657142857142857 0.025520833333333343 0.030476190476190452
0  0.24479166666666669 0.23285714285714285 0.021875000000000026 0.037142857142857144
0  0.27786458333333336 0.27904761904761904 0.02968749999999996 0.04
0  0.3127604166666667 0.25142857142857145 0.033854166666666706 0.0285714285714286
0  0.22708333333333336 0.20476190476190476 0.022916666666666665 0.0285714285714286
0  0.33333333333333337 0.7895238095238095 0.08749999999999998 0.1447619047619048
0  0.30234374999999997 0.7004761904761905 0.09114583333333336 0.12857142857142861