0  0.7135416666666666 0.7171428571428571 0.07187499999999998 0.10285714285714283
0  0.8723958333333334 0.9195238095238095 0.07708333333333339 0.14952380952380956
0  0.6593749999999999 0.6571428571428571 0.058333333333333445 0.10285714285714283
0  0.6049479166666666 0.6147619047619047 0.06510416666666671 0.08666666666666664
0  0.5734374999999999 0.5557142857142857 0.05937499999999999 0.08857142857142859
0  0.5067708333333334 0.4723809523809524 0.054166666666666696 0.051428571428571476
0  0.4557291666666667 0.4257142857142857 0.05104166666666662 0.053333333333333295
0  0.4260416666666667 0.3885714285714286 0.056249999999999974 0.055238095238095246
0  0.39192708333333337 0.34523809523809523 0.048437499999999974 0.04857142857142855
0  0.3046875 0.3276190476190476 0.03437500000000001 0.05904761904761908
0  0.19661458333333334 0.3276190476190476 0.06406250000000001 0.07428571428571429
0  0.21796875000000002 0.2642857142857143 0.025520833333333343 0.03904761904761903
0  0.34531249999999997 0.29 0.036458333333333356 0.03904761904761903
0  0.34218750000000003 0.7804761904761904 0.09791666666666668 0.14380952380952383
0  0.2984375 0.7166666666666667 0.08541666666666667 0.12285714285714278
0  0.28229166666666666 0.6428571428571429 0.08124999999999998 0.10285714285714295
3  0.6611979166666667 0.5361904761904761 0.021354166666666657 0.06857142857142857