3  0.09713541666666667 0.75 0.0234375 0.0942857142857143
3  0.16302083333333334 0.6895238095238094 0.020833333333333322 0.09333333333333334
3  0.07890625 0.5661904761904762 0.017187500000000005 0.0752380952380952
3  0.11536458333333334 0.5752380952380953 0.020312500000000004 0.08380952380952385
3  0.10078125 0.5804761904761905 0.016145833333333335 0.08857142857142852
3  0.6929687500000001 0.5819047619047619 0.014062500000000025 0.08
0  0.4825520833333333 0.6019047619047618 0.09010416666666668 0.12761904761904766
0  0.5111979166666667 0.7938095238095239 0.09218750000000002 0.15523809523809515
0  0.37161458333333336 0.8795238095238095 0.13593750000000002 0.2161904761904761
0  0.30130208333333336 0.7133333333333335 0.08802083333333337 0.1161904761904762
0  0.2924479166666667 0.6342857142857142 0.07343749999999998 0.08380952380952385
0  0.8671875 0.9157142857142857 0.078125 0.1419047619047619
0  0.7861979166666667 0.8123809523809523 0.07968749999999998 0.13333333333333336
0  0.7177083333333333 0.7366666666666666 0.06458333333333334 0.11142857142857146
0  0.6559895833333333 0.6557142857142857 0.060937500000000026 0.09238095238095236
0  0.6005208333333334 0.6114285714285713 0.06250000000000007 0.11428571428571425
0  0.5700520833333333 0.5519047619047619 0.047395833333333304 0.07904761904761903
0  0.503125 0.4723809523809524 0.04583333333333339 0.06285714285714292
0  0.4721354166666667 0.44619047619047614 0.048437499999999974 0.06952380952380954
0  0.4450520833333333 0.41809523809523813 0.03802083333333333 0.04571428571428569
0  0.4291666666666667 0.38333333333333336 0.05833333333333331 0.04476190476190472
0  0.3885416666666667 0.3466666666666667 0.05000000000000001 0.051428571428571414