0  0.5309895833333333 0.5090476190476191 0.05781250000000001 0.06571428571428571
0  0.5822916666666667 0.7528571428571428 0.08854166666666664 0.11142857142857146
0  0.7104166666666666 0.7104761904761904 0.06458333333333334 0.12761904761904766
0  0.7901041666666667 0.8180952380952381 0.08437500000000002 0.12761904761904752
0  0.9692708333333334 0.9495238095238095 0.06145833333333327 0.0971428571428571
0  0.4296875 0.3866666666666667 0.056249999999999974 0.05904761904761908
0  0.4088541666666667 0.35857142857142854 0.038541666666666696 0.05047619047619044
0  0.29348958333333336 0.6342857142857142 0.08906250000000002 0.11428571428571425
3  0.07239583333333334 0.47904761904761906 0.017708333333333326 0.06666666666666662
3  0.09505208333333334 0.44857142857142857 0.015104166666666665 0.0723809523809524
2  0.2877604166666667 0.27904761904761904 0.05260416666666669 0.0933333333333333
2  0.24869791666666669 0.22333333333333336 0.033854166666666644 0.08095238095238096
1  0.21458333333333335 0.17523809523809522 0.03333333333333334 0.07428571428571427