0  0.5184895833333334 0.7895238095238095 0.0942708333333333 0.1542857142857143
0  0.8674479166666667 0.9185714285714285 0.07343749999999995 0.1380952380952381
0  0.7145833333333333 0.7242857142857143 0.07395833333333332 0.10952380952380951
0  0.6593749999999999 0.6566666666666666 0.058333333333333445 0.0904761904761904
0  0.6049479166666666 0.6061904761904762 0.06510416666666671 0.08857142857142865
0  0.57265625 0.5547619047619047 0.060937499999999964 0.08476190476190475
0  0.5057291666666667 0.47619047619047616 0.056250000000000036 0.07047619047619051
0  0.45364583333333336 0.42714285714285716 0.04895833333333334 0.06380952380952383
0  0.42734374999999997 0.38619047619047614 0.05156249999999999 0.06952380952380954
0  0.3924479166666667 0.3495238095238095 0.049479166666666644 0.055238095238095246
0  0.19348958333333335 0.3233333333333333 0.06406250000000001 0.08285714285714284
0  0.3395833333333333 0.7819047619047618 0.10416666666666664 0.14666666666666664
0  0.3005208333333333 0.7100000000000001 0.08229166666666665 0.10952380952380951
3  0.10807291666666667 0.5071428571428571 0.01718749999999999 0.08095238095238098
3  0.12890625 0.5061904761904762 0.015104166666666665 0.07904761904761903