3  0.10052083333333332 0.4938095238095238 0.013541666666666674 0.08666666666666664
3  0.08333333333333333 0.4923809523809523 0.01979166666666667 0.08
3  0.07916666666666668 0.33809523809523806 0.012500000000000002 0.06285714285714285
3  0.10208333333333333 0.36714285714285716 0.014583333333333328 0.05619047619047616
3  0.3830729166666667 0.37047619047619046 0.016145833333333366 0.060952380952380966
3  0.765625 0.5966666666666667 0.012500000000000051 0.08095238095238091
0  0.6598958333333333 0.6552380952380953 0.057291666666666706 0.09904761904761905
0  0.7195312500000001 0.7285714285714285 0.0703125 0.11809523809523816
0  0.8684895833333334 0.9066666666666666 0.07552083333333329 0.13904761904761895
0  0.55859375 0.8838095238095238 0.10572916666666668 0.1942857142857142
0  0.5697916666666667 0.7476190476190476 0.08125000000000007 0.09904761904761905
0  0.43828125000000007 0.5357142857142857 0.05885416666666662 0.08476190476190482
0  0.5713541666666667 0.5604761904761905 0.05833333333333338 0.08476190476190475
0  0.5325520833333334 0.5180952380952382 0.05052083333333331 0.06285714285714285
0  0.5015625 0.4766666666666667 0.056250000000000036 0.06761904761904759
0  0.47317708333333336 0.43666666666666665 0.05260416666666666 0.04666666666666667
0  0.4489583333333333 0.4095238095238095 0.038541666666666696 0.043809523809523805
0  0.42135416666666664 0.39285714285714285 0.04791666666666667 0.03904761904761906
0  0.33671875000000007 0.27809523809523806 0.04010416666666667 0.03999999999999997
0  0.29609375 0.6142857142857142 0.09010416666666668 0.08952380952380949
0  0.30624999999999997 0.6900000000000001 0.0864583333333333 0.12095238095238095
0  0.3244791666666667 0.7880952380952381 0.08958333333333335 0.13047619047619058
0  0.37109375 0.8933333333333334 0.11197916666666671 0.1504761904761905
0  0.24505208333333334 0.22380952380952382 0.02447916666666667 0.049523809523809526
0  0.3299479166666667 0.36666666666666664 0.03802083333333333 0.060952380952380904