3  0.090625 0.5499999999999999 0.023958333333333335 0.08476190476190475
3  0.06640625 0.5666666666666667 0.011979166666666676 0.08000000000000007
3  0.8192708333333333 0.6780952380952382 0.029166666666666657 0.09904761904761905
3  0.5984375000000001 0.4680952380952381 0.01041666666666671 0.06571428571428571
3  0.4986979166666667 0.37666666666666665 0.010937500000000013 0.0504761904761905
3  0.51171875 0.3761904761904762 0.010937500000000013 0.051428571428571476
3  0.07187500000000001 0.3085714285714286 0.013541666666666665 0.04952380952380956
0  0.35208333333333336 0.8723809523809525 0.11354166666666668 0.18095238095238095
0  0.7838541666666667 0.8228571428571428 0.06354166666666673 0.11047619047619049
0  0.8557291666666667 0.9147619047619048 0.0718750000000001 0.11904761904761914
0  0.9653645833333334 0.9533333333333334 0.06927083333333327 0.08761904761904774
0  0.7166666666666667 0.7233333333333334 0.08541666666666663 0.12857142857142861
0  0.6549479166666667 0.649047619047619 0.06927083333333327 0.09238095238095236
0  0.6098958333333334 0.6080952380952381 0.06875000000000002 0.09047619047619047
0  0.565625 0.5533333333333333 0.06770833333333329 0.09904761904761898
0  0.5296875 0.5195238095238095 0.04479166666666666 0.05999999999999999
0  0.5007812500000001 0.48047619047619045 0.05364583333333333 0.07142857142857142
0  0.46484375 0.44523809523809527 0.05781250000000001 0.07333333333333338
0  0.4471354166666667 0.41809523809523813 0.044270833333333356 0.038095238095238085
0  0.4221354166666667 0.3890476190476191 0.07760416666666663 0.04857142857142861
0  0.2791666666666667 0.36428571428571427 0.040624999999999974 0.06571428571428571
0  0.22864583333333335 0.2723809523809524 0.03020833333333333 0.05904761904761905
0  0.25755208333333335 0.25 0.02447916666666667 0.04666666666666667
0  0.23307291666666669 0.19095238095238096 0.05156249999999999 0.04095238095238095
0  0.3307291666666667 0.7623809523809524 0.09375000000000003 0.12666666666666668
0  0.30859375 0.6995238095238095 0.07447916666666665 0.10952380952380951
0  0.2794270833333333 0.6395238095238095 0.06927083333333336 0.08857142857142859
0  0.3078125 0.24809523809523812 0.02812500000000005 0.037142857142857144