0  0.42317708333333337 0.6347619047619047 0.06822916666666666 0.1076190476190477
0  0.4802083333333333 0.6023809523809524 0.06250000000000007 0.07333333333333338
0  0.6546875 0.6528571428571429 0.06666666666666668 0.09809523809523808
0  0.71484375 0.7247619047619047 0.0859375 0.13142857142857142
0  0.7841145833333334 0.8238095238095238 0.07343749999999995 0.09904761904761905
0  0.8552083333333333 0.91 0.07291666666666671 0.14571428571428566
0  0.9635416666666667 0.9552380952380952 0.07291666666666659 0.08000000000000007
0  0.6127604166666666 0.6057142857142858 0.0703125 0.10285714285714283
0  0.5653645833333333 0.5538095238095239 0.07552083333333329 0.09238095238095242
0  0.3432291666666667 0.49142857142857144 0.053125000000000026 0.0819047619047619
0  0.32526041666666666 0.3576190476190476 0.03697916666666666 0.05619047619047622
0  0.3942708333333333 0.34380952380952384 0.041666666666666644 0.043809523809523805
0  0.41328125 0.3657142857142857 0.04010416666666661 0.040000000000000036
0  0.4510416666666667 0.4166666666666667 0.04791666666666667 0.05047619047619044
0  0.5 0.4766666666666666 0.06041666666666666 0.07142857142857142
0  0.5291666666666667 0.5214285714285715 0.05000000000000001 0.06190476190476194
0  0.34843750000000007 0.871904761904762 0.11458333333333336 0.17047619047619048
0  0.3236979166666667 0.7780952380952382 0.09218750000000002 0.14666666666666664
0  0.3106770833333333 0.6947619047619048 0.1026041666666667 0.14000000000000007
0  0.22239583333333335 0.26285714285714284 0.029166666666666657 0.043809523809523805
0  0.30520833333333336 0.2571428571428572 0.02708333333333338 0.026666666666666648
0  0.36041666666666666 0.30142857142857143 0.04479166666666666 0.04857142857142855
0  0.27578125 0.3633333333333333 0.03802083333333333 0.06190476190476187
3  0.10703125000000001 0.6552380952380952 0.01927083333333333 0.09142857142857139
3  0.07473958333333333 0.3033333333333333 0.01197916666666666 0.05238095238095238