0  0.3786458333333333 0.5661904761904762 0.0625 0.1228571428571429
0  0.4903645833333333 0.7304761904761905 0.1015625 0.1676190476190477
0  0.6205729166666666 0.9476190476190476 0.10677083333333336 0.10476190476190476
0  0.8536458333333333 0.9219047619047619 0.07395833333333332 0.1447619047619048
0  0.9640624999999999 0.9585714285714285 0.07187499999999998 0.08285714285714287
0  0.7820312500000001 0.8157142857142857 0.07135416666666673 0.12666666666666668
0  0.7140624999999999 0.7280952380952381 0.09166666666666666 0.12476190476190473
0  0.65078125 0.6557142857142857 0.06510416666666659 0.09238095238095236
0  0.6145833333333334 0.6004761904761905 0.06562500000000007 0.08476190476190475
0  0.5658854166666667 0.5571428571428572 0.06406249999999998 0.09142857142857139
0  0.5268229166666667 0.5214285714285715 0.0390625 0.05619047619047622
0  0.49921875 0.4766666666666667 0.05156250000000005 0.06761904761904759
0  0.4690104166666667 0.4423809523809524 0.059895833333333294 0.06761904761904766
0  0.42239583333333336 0.38571428571428573 0.07395833333333332 0.06285714285714285
0  0.25677083333333334 0.25333333333333335 0.03229166666666667 0.049523809523809526
0  0.35104166666666664 0.8728571428571428 0.11250000000000002 0.17809523809523814
0  0.3317708333333333 0.7595238095238095 0.09166666666666672 0.10000000000000002
0  0.30364583333333334 0.6976190476190476 0.08437499999999999 0.09428571428571418
0  0.27968750000000003 0.6404761904761905 0.06875000000000002 0.08666666666666677
3  0.9289062499999999 0.7261904761904763 0.022395833333333393 0.09809523809523808
3  0.10755208333333334 0.6923809523809524 0.02239583333333333 0.09904761904761905
3  0.08151041666666667 0.701904761904762 0.016145833333333335 0.09523809523809527
3  0.08906250000000002 0.6166666666666666 0.018749999999999996 0.06952380952380947
3  0.11015625 0.6119047619047618 0.014062499999999993 0.0904761904761904
3  0.6476562499999999 0.5442857142857143 0.011979166666666556 0.06571428571428571
3  0.6242187499999999 0.44857142857142857 0.01614583333333324 0.06666666666666668
3  0.4981770833333333 0.35095238095238096 0.009895833333333342 0.0504761904761905
0  0.39166666666666666 0.3371428571428572 0.05104166666666669 0.04761904761904764