0  0.50546875 0.6419047619047619 0.07552083333333336 0.100952380952381
0  0.7109375 0.7085714285714285 0.05937500000000005 0.13142857142857142
0  0.9658854166666667 0.9547619047619048 0.06822916666666666 0.08285714285714287
0  0.57265625 0.5447619047619048 0.06718750000000005 0.11047619047619049
0  0.5236979166666667 0.5133333333333333 0.047395833333333366 0.07047619047619046
0  0.4703125 0.4414285714285714 0.0625 0.07333333333333332
0  0.4294270833333333 0.3890476190476191 0.05260416666666672 0.06761904761904759
0  0.4091145833333334 0.36 0.04218750000000001 0.047619047619047575
0  0.2697916666666667 0.35809523809523813 0.03645833333333332 0.0647619047619048
0  0.3299479166666667 0.3604761904761905 0.04010416666666667 0.05428571428571427
0  0.3033854166666667 0.7133333333333333 0.08072916666666664 0.12380952380952388
0  0.36223958333333334 0.8909523809523809 0.11510416666666666 0.2066666666666666
0  0.2989583333333333 0.6285714285714287 0.08437500000000002 0.10095238095238088