0  0.47109375000000003 0.5833333333333333 0.07760416666666663 0.10571428571428568
0  0.37161458333333336 0.8823809523809524 0.1328125 0.20476190476190478
0  0.30234374999999997 0.7157142857142856 0.0786458333333333 0.11714285714285719
0  0.2911458333333333 0.6352380952380952 0.07916666666666664 0.08761904761904761
0  0.8682291666666667 0.9185714285714285 0.07499999999999993 0.1476190476190476
0  0.7828125000000001 0.8057142857142858 0.08541666666666677 0.12761904761904766
0  0.7130208333333333 0.7333333333333333 0.06145833333333327 0.10666666666666672
0  0.6609375000000001 0.6519047619047619 0.054166666666666634 0.09238095238095236
0  0.6018229166666667 0.6095238095238095 0.06406250000000004 0.11047619047619049
0  0.571875 0.5461904761904762 0.05937499999999999 0.07142857142857142
0  0.4986979166666667 0.4828571428571428 0.046354166666666696 0.06666666666666668
0  0.47500000000000003 0.4404761904761904 0.04270833333333331 0.06761904761904759
0  0.4484375 0.4209523809523809 0.037500000000000026 0.04761904761904764
0  0.42630208333333336 0.38523809523809527 0.049479166666666644 0.05619047619047622
0  0.3903645833333333 0.34761904761904766 0.049479166666666644 0.05904761904761908
0  0.2455729166666667 0.23666666666666666 0.03177083333333334 0.06380952380952379
0  0.37812499999999993 0.44380952380952376 0.04791666666666667 0.07619047619047624
3  0.09192708333333334 0.7276190476190477 0.021354166666666674 0.10285714285714283
3  0.6916666666666667 0.5780952380952381 0.012500000000000051 0.07428571428571429
3  0.9041666666666667 0.74 0.019791666666666683 0.11238095238095232
3  0.9315104166666668 0.7319047619047618 0.022395833333333393 0.0942857142857143
3  0.9510416666666668 0.8233333333333334 0.021875000000000026 0.12476190476190473
3  0.14531249999999998 0.7161904761904763 0.016666666666666656 0.0819047619047619
3  0.10859375000000002 0.7166666666666667 0.01718749999999999 0.12285714285714278