3  0.15 0.8461904761904763 0.02604166666666666 0.11333333333333341
3  0.6348958333333333 0.4947619047619048 0.014583333333333266 0.06190476190476194
3  0.11510416666666666 0.4642857142857143 0.012500000000000002 0.04285714285714283
3  0.4494791666666667 0.3442857142857143 0.005208333333333291 0.03904761904761906
0  0.4833333333333334 0.5923809523809523 0.07187500000000004 0.0971428571428571
0  0.3690104166666667 0.8933333333333333 0.12239583333333336 0.18666666666666668
0  0.7820312500000001 0.8123809523809523 0.07239583333333334 0.10857142857142854
0  0.8742187499999999 0.930952380952381 0.08906250000000007 0.1380952380952381
0  0.9651041666666667 0.9628571428571429 0.06979166666666663 0.07428571428571422
0  0.6109375000000001 0.6061904761904762 0.05937499999999992 0.07333333333333332
0  0.6583333333333333 0.6633333333333333 0.06354166666666673 0.08476190476190482
0  0.5377604166666667 0.5061904761904762 0.05885416666666662 0.05999999999999999
0  0.5036458333333333 0.47000000000000003 0.06041666666666672 0.06190476190476194
0  0.4739583333333333 0.439047619047619 0.04791666666666667 0.055238095238095246
0  0.3263020833333333 0.2642857142857143 0.04114583333333334 0.03333333333333331
0  0.3033854166666667 0.32285714285714284 0.028645833333333353 0.041904761904761924
0  0.23072916666666668 0.20809523809523808 0.021874999999999995 0.021904761904761934
0  0.24817708333333335 0.23523809523809522 0.02239583333333333 0.02666666666666668
0  0.2651041666666667 0.2576190476190476 0.027083333333333348 0.040952380952380976
0  0.7197916666666667 0.7233333333333334 0.06875000000000002 0.1038095238095238