0  0.65234375 0.6519047619047618 0.06614583333333332 0.09809523809523808
0  0.6135416666666667 0.6061904761904762 0.0718750000000001 0.08857142857142865
0  0.7153645833333334 0.7276190476190477 0.0859375 0.1257142857142857
0  0.7833333333333333 0.8223809523809524 0.06979166666666663 0.1038095238095238
0  0.85703125 0.9114285714285714 0.08177083333333332 0.11809523809523803
0  0.9651041666666667 0.9552380952380953 0.06979166666666663 0.08380952380952385
0  0.5658854166666666 0.5499999999999999 0.07135416666666668 0.0923809523809523
0  0.5309895833333333 0.5233333333333333 0.046354166666666696 0.06952380952380954
0  0.4979166666666667 0.48142857142857143 0.05937499999999999 0.07333333333333332
0  0.4776041666666667 0.4385714285714286 0.04791666666666667 0.05047619047619044
0  0.4484375 0.42238095238095236 0.04270833333333331 0.04857142857142855
0  0.43489583333333337 0.3871428571428571 0.041666666666666706 0.04285714285714283
0  0.24010416666666665 0.2966666666666667 0.03333333333333331 0.05619047619047622
0  0.2955729166666667 0.2842857142857143 0.03593749999999999 0.03142857142857146
0  0.22942708333333334 0.21714285714285714 0.020312500000000018 0.026666666666666648
0  0.24635416666666668 0.23904761904761904 0.022916666666666665 0.032380952380952364
0  0.34843750000000007 0.8752380952380953 0.1177083333333333 0.18285714285714288
0  0.3200520833333333 0.779047619047619 0.09427083333333333 0.1390476190476191
0  0.31145833333333334 0.6985714285714285 0.109375 0.1476190476190476
0  0.36067708333333337 0.3057142857142857 0.045312500000000026 0.04761904761904761
0  0.3315104166666667 0.2623809523809524 0.03489583333333331 0.03523809523809523
0  0.40963541666666664 0.36952380952380953 0.04010416666666667 0.04761904761904764