0  0.4104166666666667 0.4904761904761905 0.057291666666666706 0.06666666666666662
0  0.2799479166666667 0.36714285714285716 0.044270833333333356 0.06952380952380954
0  0.23828125 0.29714285714285715 0.03281250000000001 0.055238095238095246
0  0.4997395833333333 0.7642857142857142 0.08385416666666672 0.1323809523809524
0  0.8700520833333333 0.9185714285714285 0.07968749999999998 0.1476190476190476
0  0.7843749999999999 0.8047619047619047 0.07916666666666661 0.1257142857142857
0  0.71875 0.7457142857142858 0.06666666666666668 0.10285714285714283
0  0.6544270833333334 0.6723809523809524 0.06822916666666666 0.09714285714285723
0  0.6098958333333334 0.6076190476190477 0.06041666666666666 0.07428571428571436
0  0.56875 0.5538095238095238 0.05937500000000005 0.07714285714285715
0  0.53828125 0.5061904761904762 0.05052083333333331 0.06761904761904759
0  0.4997395833333333 0.4823809523809524 0.047395833333333304 0.0580952380952381
0  0.4513020833333333 0.41571428571428576 0.05677083333333334 0.05047619047619044
0  0.36015625000000007 0.8685714285714285 0.10677083333333336 0.16571428571428573
0  0.3328125 0.7871428571428571 0.10416666666666667 0.11714285714285719
0  0.3067708333333333 0.7047619047619048 0.08645833333333333 0.11428571428571425
0  0.29427083333333337 0.6276190476190476 0.07083333333333337 0.06857142857142863
0  0.22265625 0.19904761904761908 0.025520833333333343 0.04
3  0.10182291666666667 0.379047619047619 0.013020833333333324 0.059047619047619015
3  0.07942708333333334 0.32285714285714284 0.009895833333333342 0.06285714285714285
3  0.06614583333333333 0.32142857142857145 0.013541666666666658 0.07142857142857142
3  0.08020833333333334 0.7152380952380952 0.02499999999999999 0.10666666666666659
0  0.4083333333333333 0.37047619047619046 0.04583333333333333 0.047619047619047575