1  0.5166666666666667 0.8038095238095239 0.1770833333333333 0.26285714285714284
0  0.5661458333333333 0.5485714285714286 0.07395833333333332 0.08952380952380949
0  0.5356770833333334 0.5085714285714286 0.05572916666666667 0.0723809523809524
0  0.5026041666666667 0.4785714285714286 0.046875 0.05619047619047622
0  0.4768229166666667 0.4471428571428571 0.061979166666666634 0.05428571428571427
0  0.43124999999999997 0.3904761904761905 0.04374999999999999 0.049523809523809526
0  0.40911458333333334 0.3647619047619048 0.048437499999999974 0.041904761904761924
0  0.3895833333333334 0.34190476190476193 0.055208333333333304 0.05523809523809518
0  0.34713541666666664 0.29190476190476194 0.04010416666666667 0.042857142857142864
0  0.26536458333333335 0.3271428571428571 0.0390625 0.05428571428571427
0  0.27682291666666664 0.27095238095238094 0.033854166666666644 0.03333333333333331
0  0.3278645833333333 0.26095238095238094 0.031770833333333304 0.032380952380952364
0  0.21927083333333333 0.2652380952380952 0.028124999999999987 0.04095238095238095
0  0.3322916666666667 0.7823809523809524 0.09791666666666668 0.14571428571428566
0  0.3692708333333333 0.9000000000000001 0.125 0.16
0  0.29192708333333334 0.6357142857142856 0.09010416666666665 0.13047619047619044
0  0.26041666666666663 0.4823809523809524 0.05104166666666665 0.08095238095238098
3  0.10078125000000002 0.36238095238095236 0.011979166666666667 0.06190476190476194