0  0.7143229166666666 0.72 0.07656250000000002 0.13333333333333336
0  0.6528645833333334 0.6619047619047619 0.05677083333333334 0.09333333333333334
0  0.36406250000000007 0.8957142857142857 0.10624999999999998 0.1628571428571428
0  0.44687499999999997 0.4133333333333334 0.06562500000000002 0.0647619047619048
0  0.50234375 0.47714285714285715 0.05052083333333331 0.06285714285714285
0  0.5296875 0.5090476190476191 0.05937499999999999 0.07333333333333332
0  0.5697916666666667 0.5466666666666666 0.06145833333333339 0.07047619047619046
0  0.6130208333333333 0.5976190476190476 0.057291666666666706 0.06952380952380954
0  0.2994791666666667 0.7128571428571429 0.08750000000000001 0.119047619047619
3  0.08333333333333333 0.5647619047619047 0.01979166666666667 0.07809523809523806
3  0.09036458333333333 0.36 0.014062499999999993 0.055238095238095246