3  0.09817708333333333 0.3609523809523809 0.013020833333333324 0.05904761904761908
3  0.11458333333333333 0.3676190476190476 0.012500000000000002 0.059047619047619015
0  0.43411458333333336 0.6580952380952382 0.0703125 0.1161904761904762
0  0.5669270833333334 0.5552380952380952 0.0776041666666667 0.100952380952381
0  0.5315104166666667 0.5066666666666667 0.06510416666666671 0.07619047619047624
0  0.4723958333333333 0.44761904761904764 0.05104166666666662 0.0571428571428572
0  0.4317708333333333 0.3909523809523809 0.040624999999999974 0.04285714285714289
0  0.4119791666666667 0.36476190476190473 0.040625000000000036 0.038095238095238085
0  0.3903645833333333 0.3428571428571429 0.05364583333333333 0.041904761904761924
0  0.32916666666666666 0.35523809523809524 0.04375000000000005 0.060952380952380966
0  0.24765625 0.31190476190476196 0.027604166666666683 0.04285714285714289
0  0.21640625 0.25999999999999995 0.029687500000000026 0.05142857142857144
0  0.33281250000000007 0.780952380952381 0.08958333333333338 0.1409523809523809
0  0.36171875000000003 0.8980952380952382 0.12031250000000002 0.16571428571428562
0  0.29244791666666664 0.6438095238095237 0.08906250000000002 0.1161904761904762
0  0.5020833333333333 0.4776190476190476 0.04791666666666667 0.05428571428571427