0  0.31484375000000003 0.7019047619047619 0.09843749999999998 0.13142857142857142
0  0.28984375 0.6233333333333333 0.08593749999999997 0.10571428571428575
0  0.8674479166666667 0.9 0.07447916666666668 0.13142857142857142
0  0.7786458333333334 0.8123809523809523 0.078125 0.10857142857142854
0  0.7151041666666667 0.7261904761904763 0.07291666666666659 0.119047619047619
0  0.6604166666666667 0.6495238095238095 0.060416666666666785 0.08380952380952385
0  0.6049479166666666 0.6085714285714285 0.060937500000000026 0.07047619047619046
0  0.56875 0.5557142857142857 0.046875 0.0790476190476191
0  0.5020833333333333 0.4719047619047619 0.054166666666666634 0.05999999999999999
0  0.4705729166666667 0.44476190476190475 0.049479166666666644 0.047619047619047575
0  0.3614583333333333 0.309047619047619 0.04479166666666666 0.04666666666666667
0  0.2872395833333333 0.29714285714285715 0.032812499999999974 0.04190476190476189
0  0.27968750000000003 0.35571428571428576 0.03541666666666669 0.06000000000000005
0  0.23333333333333334 0.2842857142857143 0.028125000000000018 0.05238095238095238
0  0.259375 0.24666666666666665 0.022916666666666696 0.0323809523809524
0  0.23776041666666667 0.2138095238095238 0.020312499999999987 0.02952380952380954
0  0.21927083333333333 0.1857142857142857 0.018750000000000013 0.022857142857142847
3  0.09375 0.4861904761904762 0.018749999999999996 0.06761904761904766