0  0.34609375000000003 0.39 0.045312500000000026 0.06190476190476194
0  0.2958333333333334 0.2942857142857143 0.036458333333333356 0.06285714285714282
0  0.22968750000000002 0.29571428571428576 0.03645833333333332 0.05238095238095238
0  0.3518229166666667 0.9052380952380952 0.10052083333333332 0.16476190476190475
0  0.8648437500000001 0.8923809523809524 0.07760416666666677 0.13142857142857142
0  0.61171875 0.6014285714285714 0.0640625000000001 0.08285714285714287
0  0.5747395833333334 0.5504761904761905 0.06510416666666664 0.07047619047619046
0  0.5307291666666667 0.5133333333333333 0.053125000000000026 0.07047619047619046
0  0.4997395833333333 0.4776190476190476 0.044270833333333356 0.05428571428571427
0  0.46953125 0.44476190476190475 0.05260416666666666 0.051428571428571476
0  0.44609375000000007 0.4152380952380952 0.048437500000000036 0.051428571428571414
0  0.39765625 0.3461904761904762 0.048437499999999974 0.04285714285714283
0  0.2515625 0.23523809523809522 0.026041666666666647 0.04190476190476189
0  0.22838541666666665 0.2119047619047619 0.02239583333333336 0.03333333333333334
0  0.3333333333333333 0.7857142857142857 0.07916666666666668 0.11809523809523803
0  0.31640625 0.6838095238095239 0.09843750000000002 0.13714285714285715
0  0.7916666666666667 0.8080952380952381 0.08229166666666668 0.1228571428571429
0  0.7138020833333333 0.7438095238095238 0.08072916666666671 0.09904761904761905
0  0.6583333333333333 0.659047619047619 0.07395833333333332 0.11999999999999998